0.34285714285714286,0.8571428571428571,0.4897959183673469,0.8031496062992126
0.3564356435643564,0.782608695652174,0.4897959183673469,0.804177545691906
0.2764227642276423,0.7906976744186046,0.4096385542168674,0.7531486146095718
0.24770642201834864,0.8181818181818182,0.3802816901408451,0.7889688249400479
0.25555555555555554,0.8518518518518519,0.3931623931623931,0.8174807197943444
0.30392156862745096,0.9117647058823529,0.4558823529411764,0.8072916666666666
0.27450980392156865,0.9032258064516129,0.4210526315789474,0.7994791666666666
0.2727272727272727,0.75,0.39999999999999997,0.8105263157894737
0.3247863247863248,0.8636363636363636,0.4720496894409938,0.782608695652174
0.4,0.8,0.5333333333333333,0.8157894736842105
