0.32075471698113206,0.723404255319149,0.4444444444444444,0.7831632653061225
0.5242718446601942,0.8852459016393442,0.6585365853658537,0.8502673796791443
0.3888888888888889,0.7924528301886793,0.5217391304347827,0.8055555555555556
0.4690265486725664,0.7571428571428571,0.5792349726775956,0.8098765432098766
0.3148148148148148,0.7555555555555555,0.4444444444444444,0.76775956284153
0.32456140350877194,0.7254901960784313,0.4484848484848485,0.7719298245614035
0.42857142857142855,0.75,0.5454545454545454,0.8181818181818182
0.44554455445544555,0.7758620689655172,0.5660377358490566,0.8217054263565892
0.5,0.7166666666666667,0.5890410958904109,0.839572192513369
0.49504950495049505,0.7352941176470589,0.591715976331361,0.8296296296296296
