0.18518518518518517,0.9523809523809523,0.31007751937984496,0.7763819095477387
0.19801980198019803,0.8695652173913043,0.3225806451612903,0.7878787878787878
0.168141592920354,1.0,0.2878787878787879,0.7558441558441559
0.25225225225225223,0.9032258064516129,0.39436619718309857,0.7912621359223301
0.18627450980392157,0.95,0.3114754098360656,0.7723577235772358
0.1743119266055046,0.9047619047619048,0.2923076923076923,0.7553191489361702
0.18681318681318682,0.9444444444444444,0.3119266055045872,0.7994652406417112
0.25688073394495414,0.9655172413793104,0.40579710144927544,0.7960199004975125
0.18085106382978725,0.8947368421052632,0.3008849557522124,0.7931937172774869
0.45918367346938777,0.703125,0.5555555555555556,0.8149100257069408
