0.2872340425531915,0.9642857142857143,0.4426229508196721,0.8247422680412371
0.24271844660194175,0.9615384615384616,0.3875968992248062,0.7904509283819628
0.17647058823529413,0.8181818181818182,0.2903225806451613,0.7858880778588808
0.20535714285714285,0.92,0.3357664233576642,0.7725
0.22608695652173913,0.9285714285714286,0.36363636363636365,0.7678571428571429
0.1935483870967742,0.9,0.3185840707964602,0.7843137254901961
0.25,0.8333333333333334,0.3846153846153846,0.7900262467191601
0.17796610169491525,0.8076923076923077,0.2916666666666667,0.7530266343825666
0.2553191489361702,0.8275862068965517,0.39024390243902435,0.7928176795580111
0.3173076923076923,0.8918918918918919,0.46808510638297873,0.8125
