0.4,0.7857142857142857,0.5301204819277109,0.7979274611398963
0.39090909090909093,0.7678571428571429,0.5180722891566265,0.7994987468671679
0.4727272727272727,0.7647058823529411,0.5842696629213483,0.8016085790884718
0.4222222222222222,0.6785714285714286,0.5205479452054794,0.8236775818639799
0.4230769230769231,0.7213114754098361,0.5333333333333333,0.8060453400503779
0.4411764705882353,0.7894736842105263,0.5660377358490566,0.8155080213903744
0.4444444444444444,0.8135593220338984,0.5748502994011976,0.8155844155844156
0.3673469387755102,0.7659574468085106,0.496551724137931,0.8103896103896104
0.47,0.7580645161290323,0.5802469135802469,0.830423940149626
0.33653846153846156,0.7608695652173914,0.4666666666666667,0.7927461139896373
