Label encoding:no=[1, 0]
yes=[0, 1]
label,correctness,w1,w2,confidence,features
yes	Incorrect	address modification		relocatable address	[[ 0.72731954  0.27268052]]	[[[  0.94073158   0.94329094   0.92944834   0.89948286   0.7134091
     0.81304527   1.           0.           0.           0.           0.
     0.           0.           1.           0.           0.           1.
    19.           0.        ]]]
yes	Correct	integration test		integration testing	[[  3.19737237e-10   1.00000000e+00]]	[[[ 0.99167223  0.99885638  0.98934278  0.98308256  0.96075373  0.99140751
    1.          0.          0.          0.          0.          0.          0.
    2.          1.          1.          1.          3.          0.        ]]]
no	Correct	life cycle cost		test-first development	[[ 0.74446225  0.25553775]]	[[[  0.84787365   0.97091846   0.81206721   0.91152275   0.72323408
     0.87112133   0.           0.           0.           0.60999755   0.
     0.           0.           0.           0.           0.           1.
    18.           0.        ]]]
yes	Correct	computer instruction		instruction set	[[ 0.16190919  0.83809078]]	[[[  0.95219582   0.98361804   0.96058246   0.98454158   0.84763427
     0.94009363   1.           0.           0.           0.           1.
     0.           0.           1.           0.           0.           1.
    13.           0.        ]]]
yes	Correct	busy time		down time	[[ 0.0010782   0.99892187]]	[[[ 0.96312853  0.9575902   0.92085629  0.86686159  0.73608092  0.87410186
    1.          0.          0.          0.          0.          0.          0.
    1.          1.          0.          1.          4.          0.        ]]]
yes	Correct	error seeding		indigenous error	[[ 0.47300479  0.52699524]]	[[[  0.89560262   0.95626811   0.93184496   0.84523839   0.58783697
     0.74105387   1.           0.           0.           1.           0.
     0.           0.           1.           0.           0.           1.
    14.           0.        ]]]
no	Correct	subject domain		architectural design	[[ 0.73343843  0.2665616 ]]	[[[  0.89226534   0.91767273   0.79595014   0.94885537   0.66538131
     0.77447695   1.           0.           0.           0.           0.
     0.           0.           0.           0.           0.           1.
    14.           0.        ]]]
no	Correct	Open Services		access facility	[[ 0.66415179  0.33584821]]	[[[  0.93409301   0.95444969   0.91658932   0.97492539   0.86997749
     0.9026796    1.           0.           0.           0.           0.
     0.           0.           0.           0.           0.           1.
    13.           0.        ]]]
no	Correct	requirement		transform-centered design	[[ 0.74451792  0.25548202]]	[[[  0.           0.           0.           0.95588423   0.80301008
     0.86678638   0.           0.           0.           0.           0.47435689
     0.           0.           0.           0.           0.           0.
    20.           1.        ]]]
yes	Correct	independent entity		identifier-independent entity	[[ 0.05990526  0.94009471]]	[[[  0.           0.           0.           0.87384447   0.69481502
     0.85319461   1.           0.           0.           0.           0.
     0.           0.           2.           1.           0.           0.
    11.           0.        ]]]
no	Correct	release engineer		data processing system	[[ 0.74451602  0.25548393]]	[[[  0.80058591   0.91324626   0.80539649   0.94467763   0.67701578
     0.83673389   1.           0.           0.           0.           0.
     0.           0.           0.           0.           0.           0.
    18.           0.        ]]]
yes	Correct	library		software library	[[ 0.09384152  0.90615845]]	[[[ 0.93289468  0.97662134  0.96201093  0.97463991  0.87938353  0.9495089
    1.          0.          0.          0.          0.          0.          0.
    1.          1.          0.          0.          9.          1.        ]]]
yes	Incorrect	external		invocation	[[ 0.7005133   0.29948676]]	[[[  0.88174268   0.93497603   0.9031449    0.           0.           0.
     0.           0.           0.           1.           0.15687514   0.
     0.           0.           0.           0.           1.          10.
     2.        ]]]
yes	Correct	idle		up	[[ 0.08011264  0.9198873 ]]	[[[ 0.93842417  0.95735756  0.95188831  0.83688737  0.61155463  0.70389738
    0.58934437  0.          0.          0.          0.          0.          0.
    0.          0.          0.          1.          4.          2.        ]]]
no	Correct	influencer		swap	[[ 0.53711063  0.46288934]]	[[[  0.90993316   0.94671457   0.91448505   0.86081926   0.35286729
     0.7266739    1.           0.           0.           0.           1.
     0.           0.           0.           0.           0.           1.
    10.           2.        ]]]
no	Correct	origin attribute		unavoidable technical debt	[[ 0.74451786  0.25548208]]	[[[  0.70008802   0.87068319   0.80107851   0.79346309   0.49734975
     0.65965189   0.           0.           0.           0.35354086   0.
     0.           0.           0.           0.           0.           0.
    22.           0.        ]]]
no	Incorrect	data model		system design	[[ 0.48221558  0.51778436]]	[[[  0.92997239   0.96335082   0.92127467   0.96232813   0.74308469
     0.83754911   1.           0.           0.           0.           0.
     0.           0.           0.           0.           0.           1.
    10.           0.        ]]]
no	Correct	imperative construct		application function point count	[[ 0.74451774  0.25548229]]	[[[  0.           0.           0.           0.92141161   0.7805034
     0.77767258   1.           0.           0.           0.           0.
     0.           0.           0.           0.           0.           0.
    21.           0.        ]]]
no	Correct	data processing center		interpretive code	[[ 0.74451506  0.25548494]]	[[[  0.           0.           0.           0.89581053   0.65249379
     0.77280898   1.           0.           0.           0.           0.
     0.           0.           0.           0.           0.           0.
    14.           0.        ]]]
yes	Correct	software specification review		software requirements review	[[ 0.05805137  0.94194859]]	[[[  0.           0.           0.           0.97614545   0.89665096
     0.95856467   0.           0.           0.           0.58911181   0.
     0.           0.           2.           1.           1.           1.
    12.           0.        ]]]
recall:0.8888888888888888, precision:0.8, f1:0.8421052631578948, accuracy:0.85 
no	Correct	web		problem definition	[[ 0.68071735  0.31928262]]	[[[  0.92665516   0.92209685   0.89008358   0.89060533   0.5780005
     0.76584899   0.           0.           0.           0.           0.50686374
     0.           0.           0.           0.           0.           0.
    17.           1.        ]]]
no	Correct	working area		measurement method	[[ 0.68068618  0.31931388]]	[[[  0.90278794   0.95295211   0.94412289   0.91517701   0.76455542
     0.86578725   1.           0.           0.           0.           0.
     0.           0.           0.           0.           0.           1.
    15.           0.        ]]]
no	Correct	pseudo-instruction		service management	[[ 0.68073392  0.31926611]]	[[[  0.84902147   0.83857912   0.67589203   0.865385     0.58607672
     0.74424634   1.           0.           0.           0.           0.
     0.           0.           0.           0.           0.           1.
    16.           0.        ]]]
no	Correct	mock objects		rework	[[ 0.67901349  0.32098654]]	[[[  0.93333711   0.97245196   0.94049029   0.86812801   0.51774369
     0.82953856   0.           0.           0.           0.40582732   1.
     0.           0.           0.           0.           0.           0.
    11.           1.        ]]]
yes	Incorrect	deep		product backlog	[[ 0.68058181  0.31941819]]	[[[  0.91586504   0.9325651    0.77719292   0.93573068   0.58922504
     0.79361127   0.63315195   0.           0.           0.           0.63403663
     0.           0.           0.           0.           0.           0.
    14.           1.        ]]]
no	Correct	added source statements		defect aging	[[ 0.68077046  0.31922957]]	[[[  0.           0.           0.           0.92832011   0.60693873
     0.78724633   1.           0.           0.           0.           1.
     0.           0.           0.           0.           0.           0.
    17.           0.        ]]]
yes	Correct	synchronous message communication with reply		tightly coupled message communication with reply	[[ 0.01927841  0.98072159]]	[[[  1.           1.           1.           0.96928428   0.83756105
     0.92833422   1.           0.           0.           0.           0.
     0.           0.           4.           1.           0.           0.
    13.           0.        ]]]
no	Correct	ScrumMaster		project planning	[[ 0.68011409  0.31988594]]	[[[  0.95462984   0.94215046   0.85997291   0.95748972   0.57637422
     0.8223904    0.           0.           0.           0.           0.
     0.           0.           0.           0.           0.           0.
    14.           1.        ]]]
yes	Incorrect	machine code		first generation fifth generation language	[[ 0.68078017  0.3192198 ]]	[[[  0.           0.           0.           0.92768877   0.61258187
     0.78485569   1.           0.           0.           0.           0.
     0.           0.           0.           0.           0.           0.
    36.           0.        ]]]
yes	Correct	modifiability		maintainability	[[ 0.03103899  0.96896094]]	[[[ 0.93891996  0.97167735  0.93838411  0.97850135  0.81295052  0.92719048
    0.          0.          0.          0.          0.          0.          0.
    0.          0.          0.          1.          6.          2.        ]]]
yes	Correct	conversational		online	[[ 0.4395878   0.56041217]]	[[[  0.94903202   0.9619404    0.89993696   0.90488098   0.6345052
     0.83852305   1.           0.           0.           1.           1.
     0.           0.           0.           0.           0.           1.
    10.           2.        ]]]
no	Correct	multiple inheritance		niko-niko calendar	[[ 0.68076694  0.31923309]]	[[[  0.           0.           0.           0.89188029   0.55919017
     0.78863563   1.           0.           0.           0.           0.
     0.           0.           0.           0.           0.           0.
    18.           0.        ]]]
no	Correct	tolerance		unstratified language	[[ 0.6806491   0.31935093]]	[[[  0.           0.           0.           0.93765494   0.78643565
     0.84113183   1.           0.           0.           0.           0.
     0.           0.           0.           0.           0.           0.
    16.           1.        ]]]
yes	Incorrect	call graph		structure chart	[[ 0.67950296  0.32049707]]	[[[  0.95916816   0.97729202   0.94634917   0.87652396   0.72144675
     0.81940106   1.           0.           0.           0.           0.
     0.           0.           0.           0.           0.           1.
    12.           0.        ]]]
no	Correct	detailed function point count		capital expenditure	[[ 0.68077815  0.31922191]]	[[[  0.           0.           0.           0.84127719   0.48398477
     0.71175885   0.           0.           0.           0.59114896   0.
     0.           0.           0.           0.           0.           0.
    23.           0.        ]]]
yes	Correct	virtual storage		virtual memory	[[ 0.00318752  0.99681252]]	[[[ 0.92975137  0.95263327  0.92424961  0.98342872  0.92889388  0.94711077
    1.          0.          0.          0.          0.          0.          0.
    1.          0.          1.          1.          6.          0.        ]]]
no	Correct	software tag		service level agreement	[[ 0.68077093  0.31922904]]	[[[  0.   0.   0.   0.   0.   0.   1.   0.   0.   0.   0.   0.   0.   0.
     0.   0.   0.  19.   0.]]]
yes	Correct	dynamic dump		static dump	[[  3.65050742e-04   9.99634981e-01]]	[[[ 0.95650435  0.97306285  0.94407316  0.9591019   0.76231317  0.86085347
    1.          0.          0.          0.          0.          0.          0.
    1.          1.          0.          1.          4.          0.        ]]]
yes	Correct	interface requirements specification		interface specification	[[ 0.03171293  0.96828711]]	[[[  0.90485898   0.96412794   0.92132726   0.96085179   0.94001269
     0.96995467   1.           0.           0.           0.           0.
     0.           0.           2.           1.           1.           0.
    13.           0.        ]]]
no	Correct	dynamic allocation		extranet	[[ 0.68068796  0.31931198]]	[[[  0.81583702   0.87166119   0.70184053   0.88325006   0.41100218
     0.74211569   1.           0.           0.           0.           0.
     0.           0.           0.           0.           0.           0.
    16.           1.        ]]]
recall:1.0, precision:0.6666666666666666, f1:0.8, accuracy:0.85 
no	Correct	known technical debt		busy	[[ 0.81306183  0.18693812]]	[[[  0.81157927   0.7727187    0.7069185    0.89931215   0.68392052
     0.79706281   0.           0.           0.           0.           0.
     0.           0.           0.           0.           0.           0.
    20.           1.        ]]]
yes	Correct	test summary report		test case specification	[[ 0.12531084  0.8746891 ]]	[[[  0.95720296   0.96483354   0.95464996   0.98721244   0.92601577
     0.9745295    1.           0.           0.           0.           0.
     0.           0.           1.           0.           1.           1.
    17.           0.        ]]]
no	Correct	role-feature-reason		run time	[[ 0.81306219  0.18693778]]	[[[  0.           0.           0.           0.77260351   0.55809687
     0.62806392   1.           0.           0.           0.           1.
     0.           0.           0.           0.           0.           0.
    16.           0.        ]]]
no	Correct	meta-scrum		transactional process	[[ 0.81306142  0.18693858]]	[[[  0.62794139   0.91850466   0.6978247    0.93932654   0.68073813
     0.86121289   1.           0.           0.           0.           0.
     0.           0.           0.           0.           0.           1.
    18.           0.        ]]]
yes	Correct	modular decomposition		functional decomposition	[[ 0.02622562  0.97377443]]	[[[ 0.9474775   0.96346876  0.94581353  0.93223364  0.82762794  0.91293497
    1.          0.          0.          0.          0.          0.          0.
    1.          1.          0.          1.          9.          0.        ]]]
yes	Correct	hardware design language		program design language	[[ 0.00387067  0.99612927]]	[[[ 0.87379206  0.96245857  0.90010123  0.94849641  0.85529858  0.9187503
    1.          0.          0.          0.          0.          0.          0.
    2.          1.          0.          1.          7.          0.        ]]]
yes	Correct	ceremony		activity	[[ 0.14696504  0.85303491]]	[[[ 0.87944471  0.96140046  0.83479239  0.84461     0.54737346  0.72473459
    0.91028867  0.          1.          0.28182477  0.64407568  0.          0.
    0.          0.          0.          1.          7.          2.        ]]]
no	Correct	vendor		soft error	[[ 0.80184609  0.19815394]]	[[[ 0.          0.          0.          0.86261729  0.67241189  0.77015849
    1.          0.          0.          0.          0.          0.          0.
    0.          0.          0.          0.          7.          1.        ]]]
yes	Correct	closed term		ground term	[[  2.19196409e-05   9.99978065e-01]]	[[[ 0.97770854  0.97672666  0.95706958  0.93224792  0.71541204  0.81398696
    0.          0.          0.          0.6048218   0.          0.          0.
    1.          1.          0.          1.          4.          0.        ]]]
yes	Incorrect	product development effort		project	[[ 0.81306183  0.18693812]]	[[[  0.           0.           0.           0.98225408   0.86055093
     0.91320056   0.88711133   0.           0.           0.82928635
     0.69092047   0.           0.           0.           0.           0.
     0.          21.           1.        ]]]
no	Correct	unit test framework		checkout	[[ 0.81306177  0.18693823]]	[[[  0.84939419   0.90650276   0.82479069   0.83945821   0.58462405
     0.72996084   1.           0.           0.           0.           0.
     0.           0.           0.           0.           0.           0.
    17.           1.        ]]]
no	Correct	symbolic execution		implementation requirement	[[ 0.81306183  0.18693809]]	[[[  0.926138     0.95314456   0.92371538   0.88637657   0.62139158
     0.78423603   1.           0.           0.           0.           0.
     0.           0.           0.           0.           0.           1.
    21.           0.        ]]]
yes	Correct	quality factor value		metric value	[[ 0.03757613  0.96242392]]	[[[  0.68826248   0.89104515   0.77648317   0.86224886   0.68171816
     0.81817182   1.           0.           0.           0.           0.
     0.           0.           1.           1.           0.           0.
    12.           0.        ]]]
yes	Correct	detailed design description		detailed design specification	[[ 0.01074174  0.98925823]]	[[[ 0.          0.          0.          0.98205212  0.95496462  0.94242087
    0.          0.          0.          0.7132479   0.          0.          0.
    2.          0.          1.          1.          7.          0.        ]]]
no	Incorrect	re-entrant		numeric	[[ 0.41567162  0.58432829]]	[[[ 0.90585701  0.93650785  0.9097803   0.88060266  0.64805624  0.84726449
    1.          0.          0.          1.          1.          0.          0.
    0.          0.          0.          0.          8.          1.        ]]]
yes	Incorrect	arrows connecting inputs to processing steps and processing steps to outputs		box diagram	[[ 0.81306183  0.18693812]]	[[[  0.           0.           0.           0.86292367   0.46169739
     0.51404448   1.           0.           0.           0.           0.
     0.           0.           0.           0.           0.           0.
    70.           0.        ]]]
no	Correct	functional size		subject system	[[ 0.81002378  0.18997622]]	[[[  0.91081565   0.92954132   0.91191968   0.95534443   0.80091174
     0.89677722   0.           0.           0.           0.           0.62691652
     0.           0.           0.           0.           0.           1.
    13.           0.        ]]]
no	Correct	backward recovery		logical cohesion	[[ 0.81302893  0.18697105]]	[[[  0.           0.           0.           0.90368436   0.75467024
     0.90858306   1.           0.           0.           0.           0.
     0.           0.           0.           0.           0.           1.
    14.           0.        ]]]
no	Correct	tag		self-directed work team	[[ 0.81306183  0.18693812]]	[[[  1.   1.   1.   0.   0.   0.   1.   0.   0.   0.   0.   0.   0.   0.
     0.   0.   0.  21.   1.]]]
no	Correct	version description document		fitness-for-use test	[[ 0.81306183  0.18693812]]	[[[  0.           0.           0.           0.86968532   0.66535281
     0.80371961   1.           0.           0.           0.           0.
     0.           0.           0.           0.           0.           0.
    21.           0.        ]]]
recall:0.875, precision:0.7777777777777778, f1:0.823529411764706, accuracy:0.85 
yes	Correct	portability		machine independent	[[ 0.34491885  0.65508115]]	[[[  0.91815543   0.9847319    0.96466249   0.89541911   0.71266096
     0.86879575   0.           0.           0.           0.           0.3186908
     0.           0.           0.           0.           0.           0.
    18.           1.        ]]]
yes	Correct	open subroutine		direct insert subroutine	[[ 0.06934555  0.93065441]]	[[[  0.95345699   0.97033712   0.96572193   0.96495593   0.67732663
     0.91039176   1.           0.           0.           0.           0.
     0.           0.           1.           1.           0.           0.
    11.           0.        ]]]
yes	Correct	direct address		immediate data	[[ 0.34412438  0.65587562]]	[[[  0.94234768   0.97614559   0.94061376   0.95987197   0.83078895
     0.90112707   1.           0.           0.           0.           0.
     0.           0.           0.           0.           0.           1.
    13.           0.        ]]]
yes	Correct	queue		inventory	[[ 0.01634555  0.98365444]]	[[[ 0.9346485   0.95185247  0.89853851  0.90981158  0.47243269  0.77825231
    0.67343387  0.          1.          0.31196816  0.66981888  0.          0.
    0.          0.          0.          1.          8.          2.        ]]]
no	Incorrect	system stakeholder		design phase	[[ 0.34490788  0.65509212]]	[[[  0.79045645   0.           0.71986707   0.90801623   0.73300918
     0.80574112   0.           0.           0.           0.           0.472631
     0.           0.           0.           0.           0.           1.
    14.           0.        ]]]
no	Incorrect	pass criteria		raw requirement	[[ 0.34476018  0.65523982]]	[[[  0.93021649   0.96056166   0.93951699   0.85187758   0.51128016
     0.65238851   0.           0.           0.           0.           0.59267963
     0.           0.           0.           0.           0.           1.
    12.           0.        ]]]
yes	Correct	system development cycle		system life cycle software development cycle	[[ 0.10295787  0.89704216]]	[[[  0.           0.           0.           0.99085768   0.98419965
     0.99574445   1.           0.           0.           0.           0.
     0.           0.           3.           1.           1.           0.
    20.           0.        ]]]
yes	Correct	artifact		configuration provider	[[ 0.34491885  0.65508115]]	[[[  0.94328975   0.95694162   0.86652328   0.74482837   0.3782431
     0.565231     0.           0.           0.           0.           0.4869731
     0.           0.           0.           0.           0.           0.
    19.           1.        ]]]
no	Incorrect	instance data		actor	[[ 0.34486476  0.65513521]]	[[[  0.89859447   0.9609229    0.88944206   0.72525657   0.39343404
     0.52441364   1.           0.           0.           0.           0.
     0.           0.           0.           0.           0.           0.
    11.           1.        ]]]
yes	Correct	support		system life cycle	[[ 0.34494644  0.65505356]]	[[[  0.   0.   0.   0.   0.   0.   1.   0.   0.   0.   0.   0.   0.   0.
     0.   0.   0.  16.   1.]]]
yes	Correct	user manual		user guide	[[ 0.00127608  0.99872392]]	[[[ 0.99274172  0.98237022  0.98565703  0.99620373  0.95913594  0.96438797
    1.          0.          0.          0.          0.          0.          0.
    1.          0.          1.          1.          6.          0.        ]]]
yes	Correct	generalization taxonomy		generalization network	[[ 0.00529387  0.99470609]]	[[[ 0.          0.          0.          0.97319702  0.82789717  0.94048898
    1.          0.          0.          0.          0.          0.          0.
    1.          0.          1.          1.          7.          0.        ]]]
yes	Correct	change dump		selective dump	[[ 0.00229526  0.9977048 ]]	[[[ 0.96659606  0.97081843  0.9628343   0.96525507  0.68539388  0.92259722
    1.          0.          0.          0.          0.          0.          0.
    1.          1.          0.          1.          8.          0.        ]]]
no	Incorrect	resource group		defect	[[ 0.34490106  0.65509892]]	[[[  0.92532641   0.93074173   0.85799964   0.9335235    0.7026783
     0.81414479   0.           0.           0.           0.54995948   0.
     0.           0.           0.           0.           0.           0.
    12.           1.        ]]]
no	Incorrect	interruption		schedule development	[[ 0.34491867  0.65508139]]	[[[  0.90226212   0.95521542   0.89474742   0.94184956   0.68658806
     0.86000448   0.           0.           0.           0.32837747   0.
     0.           0.           0.           0.           0.           0.
    17.           1.        ]]]
yes	Correct	digit numeric character		numeric character	[[ 0.0011232   0.99887675]]	[[[ 0.94902469  0.96429188  0.95847174  0.94538198  0.91269872  0.96269604
    1.          0.          0.          0.          0.          0.          0.
    2.          1.          0.          0.          6.          0.        ]]]
yes	Correct	indirect instruction		direct instruction	[[  2.74003563e-11   1.00000000e+00]]	[[[ 0.96524429  0.97732492  0.95975882  0.90462864  0.87284863  0.88102974
    1.          0.          0.          0.          0.          0.          0.
    1.          1.          0.          1.          2.          0.        ]]]
no	Incorrect	test bed		source code data	[[ 0.34490582  0.65509415]]	[[[  0.91470438   0.93922063   0.87297612   0.91386556   0.69317059
     0.72327267   1.           0.           0.           0.           0.
     0.           0.           0.           0.           0.           0.
    13.           0.        ]]]
yes	Correct	quality attribute		quality factor	[[ 0.00236725  0.99763274]]	[[[ 0.9308494   0.97121205  0.88392489  0.86724072  0.70000738  0.80209448
    1.          0.          0.          0.          0.          0.          0.
    1.          0.          1.          1.          8.          0.        ]]]
yes	Correct	incremental development		input-process-output	[[ 0.34491867  0.65508139]]	[[[  0.88093885   0.89407736   0.84549279   0.89089369   0.58672991
     0.77794211   0.           0.           0.           0.           0.58312055
     0.           0.           0.           0.           0.           0.
    18.           0.        ]]]
recall:0.7, precision:1.0, f1:0.8235294117647058, accuracy:0.7 
no	Correct	management		software test incident	[[ 0.7085914  0.2914086]]	[[[  0.           0.           0.           0.94154635   0.73071707
     0.84278013   0.           0.           0.           0.           0.5057041
     0.           0.           0.           0.           0.           0.
    17.           1.        ]]]
no	Correct	exit criteria		OAuth	[[ 0.70854622  0.29145372]]	[[[  0.85738353   0.9114132    0.7355936    0.85113814   0.5211268
     0.62328811   0.           0.           0.           0.          -0.06630396
     0.           0.           0.           0.           0.           0.
    12.           1.        ]]]
no	Correct	interrupt priority		test data	[[ 0.7083534  0.2916466]]	[[[  0.88616628   0.89736464   0.84723173   0.90094989   0.75010934
     0.87128604   1.           0.           0.           0.           0.
     0.           0.           0.           0.           0.           1.
    13.           0.        ]]]
yes	Correct	iteration		timebox	[[ 0.15667515  0.84332484]]	[[[ 0.89839466  0.93694721  0.88202113  0.8784484   0.53037517  0.76267379
    0.79459289  0.          0.          0.3226815   0.          0.          0.
    0.          0.          0.          1.          7.          2.        ]]]
yes	Incorrect	object-oriented design		rapid prototyping	[[ 0.70856547  0.29143456]]	[[[  0.94477864   0.96904932   0.89579664   0.95041217   0.75876644
     0.81477056   1.           0.           0.           0.           0.
     0.           0.           0.           0.           0.           0.
    19.           0.        ]]]
yes	Correct	effort		duration	[[ 0.2240977   0.77590233]]	[[[ 0.92281298  0.91928991  0.87455982  0.91254184  0.60624945  0.85699563
    0.55900439  0.          0.          0.61076597  0.34623349  0.          0.
    0.          0.          0.          1.          8.          2.        ]]]
no	Correct	base functional component		basic path	[[ 0.70856965  0.29143035]]	[[[  0.           0.           0.           0.80813836   0.5606066
     0.74236867   1.           0.           0.           0.           0.
     0.           0.           0.           0.           0.           0.
    19.           0.        ]]]
yes	Incorrect	starting address		loaded origin	[[ 0.70852208  0.29147789]]	[[[  0.82733356   0.85426541   0.73758497   0.79973433   0.6607178
     0.73468564   1.           0.           0.           0.           0.
     0.           0.           0.           0.           0.           1.
    14.           0.        ]]]
no	Correct	maintenance plan		macro generating program	[[ 0.70858657  0.29141346]]	[[[  0.           0.           0.           0.77243328   0.42213335
     0.63887532   1.           0.           0.           0.           0.
     0.           0.           0.           0.           0.           0.
    16.           0.        ]]]
no	Correct	risk monitoring and control		cross-functional team	[[ 0.7085681   0.29143193]]	[[[  0.           0.           0.           0.95308575   0.68093564
     0.80529603   0.           0.           0.           0.5153669    0.
     0.           0.           0.           0.           0.           0.
    20.           0.        ]]]
no	Correct	software component		and validation	[[ 0.70854145  0.29145855]]	[[[  0.92998419   0.96095417   0.91433747   0.95880004   0.78988256
     0.90958701   1.           0.           0.           0.           0.
     0.           0.           0.           0.           0.           1.
    15.           0.        ]]]
yes	Incorrect	compile		interpret	[[ 0.60338688  0.39661312]]	[[[ 0.91855474  0.97710381  0.93157806  0.84951157  0.66200051  0.72083742
    0.          0.          0.          0.          1.          0.          0.
    0.          0.          0.          1.          8.          2.        ]]]
no	Correct	participant property		Artifacts page	[[ 0.70838445  0.29161552]]	[[[  0.88527932   0.92061326   0.85681758   0.93524318   0.63679881
     0.90024539   1.           0.           0.           0.           0.
     0.           0.           0.           0.           0.           1.
    13.           0.        ]]]
yes	Correct	pass-fail criteria		pass-fail criteria	[[  7.01176575e-08   9.99999881e-01]]	[[[ 0.99999996  0.99999994  1.00000003  0.99999996  1.00000008  1.00000002
    1.          0.          0.          0.          0.          0.          0.
    3.          1.          1.          1.          0.          0.        ]]]
yes	Incorrect	basic flow		happy day scenario	[[ 0.70856291  0.29143718]]	[[[  0.9319025    0.95366287   0.9065011    0.92436536   0.68057766
     0.79955133   1.           0.           0.           0.           0.
     0.           0.           0.           0.           0.           0.
    16.           0.        ]]]
yes	Correct	schedule model		project schedule	[[ 0.11190999  0.88809001]]	[[[  0.93129336   0.96588547   0.96371846   0.96778828   0.76959853
     0.91976326   1.           0.           0.           0.           0.
     0.           0.           1.           0.           0.           1.
    13.           0.        ]]]
yes	Incorrect	program status word		structure chart	[[ 0.70856291  0.29143709]]	[[[  0.91774235   0.93227391   0.88369436   0.94583059   0.72328716
     0.87396769   1.           0.           0.           0.           0.
     0.           0.           0.           0.           0.           0.
    16.           0.        ]]]
no	Correct	straight-line code		nonfunctional requirement	[[ 0.70856577  0.29143426]]	[[[  0.77026994   0.9020848    0.72912036   0.87573236   0.70643584
     0.86133057   0.           0.           0.           0.38695317   0.
     0.           0.           0.           0.           0.           0.
    21.           0.        ]]]
yes	Incorrect	u-curve optimization		transaction cost	[[ 0.70855683  0.29144317]]	[[[  0.92294028   0.9241325    0.73640854   0.77248494   0.56702756
     0.75355059   0.92792794   0.           2.           0.63373045
     0.74843135   0.           0.           0.           0.           0.
     0.          17.           0.        ]]]
yes	Correct	page		paging	[[  6.63842259e-10   1.00000000e+00]]	[[[ 0.93874654  0.95710192  0.95537416  0.94259305  0.69778462  0.90856484
    1.          0.          0.          0.          1.          0.          0.
    1.          1.          1.          1.          3.          2.        ]]]
recall:1.0, precision:0.45454545454545453, f1:0.625, accuracy:0.7 
no	Correct	software-intensive system		subject domain responsibility	[[ 0.82874203  0.17125797]]	[[[  1.           1.           1.           0.92514653   0.79429561
     0.86803041   1.           0.           0.           0.           0.
     0.           0.           0.           0.           0.           1.
    23.           0.        ]]]
yes	Correct	nonprocedural programming language		non-procedural programming language	[[  8.14908145e-13   1.00000000e+00]]	[[[ 0.8708945   0.98216521  0.90655314  0.98250851  0.93513855  0.97955221
    1.          0.          0.          0.          0.          0.          0.
    2.          1.          0.          0.          1.          0.        ]]]
yes	Correct	holding cost		transaction cost	[[ 0.00623458  0.99376535]]	[[[  0.90231542   0.94357919   0.8230403    0.94663173   0.79199802
     0.92195014   0.9654501    0.           0.           0.84710466
     0.79560187   0.           0.           1.           1.           0.
     1.          10.           0.        ]]]
yes	Incorrect	proof of correctness		formal specification	[[ 0.82873005  0.17126995]]	[[[  0.89780349   0.92161677   0.91320775   0.92338035   0.75760003
     0.88775419   1.           0.           0.           0.           0.
     0.           0.           0.           0.           0.           0.
    17.           0.        ]]]
yes	Correct	exploitation		exploration	[[  3.55652086e-09   1.00000000e+00]]	[[[ 0.9781189   0.97318621  0.95943375  0.95028995  0.77017768  0.86091187
    0.73351462  0.          0.          0.53598052  0.66804444  0.          0.
    0.          0.          0.          1.          2.          2.        ]]]
no	Correct	prioritized list		consumer software package	[[ 0.82878315  0.17121692]]	[[[  0.           0.           0.           0.94281612   0.81071431
     0.9060988    0.           0.           0.           0.           0.56818729
     0.           0.           0.           0.           0.           0.
    22.           0.        ]]]
no	Correct	software requirements engineering		operations	[[ 0.82874382  0.17125614]]	[[[  0.77916535   0.89297396   0.7058018    0.95748462   0.76203452
     0.89867454   0.           0.           0.           0.73128822   0.
     0.           0.           0.           0.           0.           0.
    27.           1.        ]]]
no	Correct	hostile backout		free float	[[ 0.82827127  0.1717287 ]]	[[[  0.   0.   0.   0.   0.   0.   1.   0.   0.   0.   0.   0.   0.   0.
     0.   0.   1.  11.   0.]]]
yes	Correct	local variable		global variable	[[  7.19097393e-10   1.00000000e+00]]	[[[ 0.96467435  0.98037324  0.95041016  0.98939684  0.94211704  0.97618329
    1.          0.          0.          0.          0.          0.          0.
    1.          1.          0.          1.          2.          0.        ]]]
no	Correct	non-identifying relationship		configuration item form	[[ 0.82875228  0.17124775]]	[[[  0.           0.           0.           0.89166311   0.77506265
     0.89999626   1.           0.           0.           0.           0.
     0.           0.           0.           0.           0.           1.
    21.           0.        ]]]
no	Correct	assessment participant		process attribute rating	[[ 0.82880425  0.17119572]]	[[[  0.           0.           0.           0.96428904   0.85743294
     0.93435784   1.           0.           0.           0.           0.
     0.           0.           0.           0.           0.           0.
    18.           0.        ]]]
no	Correct	offset		cycle stealing	[[ 0.82672483  0.17327516]]	[[[  0.90427402   0.91865899   0.85756101   0.8596413    0.61969456
     0.81772846   0.           0.           0.           1.           0.45025685
     0.           0.           0.           0.           0.           0.
    12.           1.        ]]]
no	Correct	load-and-go		scope baseline	[[ 0.82806009  0.17193995]]	[[[  0.83189971   0.92710239   0.82827259   0.90311097   0.58437153
     0.73949856   1.           0.           0.           0.           0.
     0.           0.           0.           0.           0.           0.
    12.           0.        ]]]
no	Correct	transaction cost		contingency allowanceH	[[ 0.82877398  0.17122604]]	[[[  0.           0.           0.           0.90157583   0.75457229
     0.87354845   0.           0.           0.           0.           0.
     0.           0.           0.           0.           0.           1.
    19.           0.        ]]]
yes	Correct	instruction cycle		instruction time	[[  3.34816606e-04   9.99665141e-01]]	[[[ 0.97583611  0.99794364  0.98458933  0.96144158  0.86777471  0.92977717
    1.          0.          0.          0.          0.          0.          0.
    1.          0.          1.          1.          4.          0.        ]]]
yes	Correct	case		jump	[[  2.92568118e-04   9.99707401e-01]]	[[[ 0.92601881  0.96923739  0.89870668  0.86954871  0.615763    0.82444018
    0.          0.          0.          0.          0.          0.          0.
    0.          0.          0.          1.          4.          2.        ]]]
yes	Correct	assembler language		assembler code	[[ 0.00225046  0.99774951]]	[[[ 0.94959773  0.97609936  0.9749416   0.9962274   0.91894173  0.99037375
    1.          0.          0.          0.          0.          0.          0.
    1.          0.          1.          1.          7.          0.        ]]]
yes	Correct	logical trace		variable trace	[[ 0.00109999  0.99889994]]	[[[ 0.90183405  0.89273258  0.77323642  0.90507787  0.71314379  0.863709
    1.          0.          0.          0.          0.          0.          0.
    1.          1.          0.          1.          6.          0.        ]]]
no	Correct	poker planning		suspend	[[ 0.8276872   0.17231287]]	[[[  0.89071341   0.91112741   0.84958122   0.92482557   0.70756874
     0.82467937   0.           0.           0.           0.           0.
     0.           0.           0.           0.           0.           0.
    12.           1.        ]]]
yes	Incorrect	ideal day		story point	[[ 0.79179382  0.20820622]]	[[[  0.97805679   0.99292809   0.96416051   0.90134585   0.80634471
     0.83690255   0.83537538   0.           0.           0.54505409
     0.62803794   0.           0.           0.           0.           0.
     1.          10.           0.        ]]]
recall:1.0, precision:0.8, f1:0.888888888888889, accuracy:0.9 
yes	Correct	test log		test procedure	[[ 0.00931485  0.99068516]]	[[[ 0.95814564  0.96746299  0.93290786  0.94743579  0.78189717  0.92427096
    1.          0.          0.          0.          0.          0.          0.
    1.          0.          1.          1.          8.          0.        ]]]
no	Correct	release burndown chart		post-development review	[[ 0.75323349  0.24676648]]	[[[  0.           0.           0.           0.97482255   0.86209987
     0.91210764   1.           0.           0.           0.           0.
     0.           0.           0.           0.           0.           1.
    21.           0.        ]]]
no	Correct	logic programming language		source	[[ 0.75323343  0.24676657]]	[[[  0.84187884   0.91173921   0.86333054   0.95818271   0.66373977
     0.81398336   0.           0.           0.           0.5650514    0.
     0.           0.           0.           0.           0.           0.
    23.           1.        ]]]
yes	Correct	adaptation		inspection	[[ 0.19145177  0.80854827]]	[[[ 0.89763573  0.95542125  0.86717837  0.87587494  0.52873303  0.73619755
    0.92159851  1.          0.          0.54239921  0.53462187  0.          0.
    0.          0.          0.          1.          5.          2.        ]]]
no	Correct	layer		program counter	[[ 0.75328392  0.24671608]]	[[[  0.86806599   0.93675138   0.88971916   0.86816279   0.57593906
     0.76860802   0.           0.           0.           0.           0.56327761
     0.           0.           0.           0.           0.           0.
    12.           1.        ]]]
no	Correct	effective instruction		fail criteria	[[ 0.7532354   0.24676457]]	[[[  0.91357464   0.93344938   0.87866843   0.90246289   0.64912656
     0.77285421   1.           0.           0.           0.           0.
     0.           0.           0.           0.           0.           1.
    16.           0.        ]]]
yes	Correct	developmental baseline		developmental configuration	[[ 0.02249019  0.9775098 ]]	[[[  0.           0.           0.           0.95372981   0.87507746
     0.93696171   1.           0.           0.           0.           0.
     0.           0.           1.           0.           1.           1.
    12.           0.        ]]]
no	Correct	memory compaction		release plan	[[ 0.75323874  0.24676131]]	[[[  0.91618035   0.92842352   0.85462436   0.91594874   0.79205309
     0.87361668   0.           0.           0.           0.32989902   0.
     0.           0.           0.           0.           0.           1.
    14.           0.        ]]]
yes	Correct	adaptation		prediction	[[ 0.31186697  0.68813306]]	[[[ 0.93907682  0.95657395  0.86865639  0.86094165  0.54279925  0.7458401
    0.72171422  0.          0.          0.43921769  0.45727929  0.          0.
    0.          0.          0.          1.          6.          2.        ]]]
yes	Incorrect	version		configuration control	[[ 0.75323391  0.24676603]]	[[[  0.94487133   0.96531172   0.94470135   0.94955384   0.70036384
     0.86802487   0.85708742   0.           0.           0.35268301
     0.63376281   0.           0.           0.           0.           0.
     0.          17.           1.        ]]]
yes	Correct	fault-tolerant		fault tolerant	[[  6.95371399e-11   1.00000000e+00]]	[[[ 0.99253818  0.99605755  0.98978143  0.99599474  0.98601224  0.99576649
    0.          0.          0.          1.          0.          0.          0.
    2.          1.          1.          1.          1.          0.        ]]]
no	Correct	nondelivered source statement		kernel	[[ 0.75323343  0.24676657]]	[[[  0.   0.   0.   0.   0.   0.   1.   0.   0.   0.   0.   0.   0.   0.
     0.   0.   0.  26.   1.]]]
yes	Correct	design review		test readiness review	[[ 0.02192481  0.97807527]]	[[[  0.           0.           0.           0.94301264   0.7793468
     0.8700194    1.           0.           0.           0.           0.
     0.           0.           1.           1.           0.           0.
    11.           0.        ]]]
yes	Correct	common-environment coupling		content coupling	[[ 0.02245219  0.97754788]]	[[[  0.           0.           0.           0.91058443   0.83545131
     0.92343843   1.           0.           0.           0.           0.
     0.           0.           1.           1.           0.           0.
    12.           0.        ]]]
no	Correct	memory map		superclass	[[ 0.75331855  0.24668148]]	[[[ 0.86007471  0.91804369  0.90471345  0.88181253  0.58832562  0.85507298
    1.          0.          0.          0.          0.          0.          0.
    0.          0.          0.          0.          9.          1.        ]]]
no	Correct	software component		redundancy	[[ 0.753236  0.246764]]	[[[  0.93387195   0.96101681   0.90163554   0.93132836   0.73150785
     0.8342979    1.           0.           0.           0.           0.
     0.           0.           0.           0.           0.           0.
    15.           1.        ]]]
yes	Correct	enumeration type		real type	[[ 0.02117866  0.97882128]]	[[[ 0.94541942  0.97067385  0.94008861  0.89184293  0.70084714  0.78101592
    1.          0.          0.          0.          0.          0.          0.
    1.          1.          0.          1.          9.          0.        ]]]
no	Correct	software project		demo demonstration	[[ 0.75323528  0.2467647 ]]	[[[  0.89077975   0.92142898   0.8123571    0.9350085    0.74827312
     0.85777683   0.           0.           0.           0.56177824   0.
     0.           0.           0.           0.           0.           1.
    16.           0.        ]]]
yes	Correct	task board		task	[[ 0.003351    0.99664897]]	[[[ 0.93853947  0.95173079  0.87434443  0.97459902  0.85856182  0.92716764
    0.80935838  0.          0.          0.67888522  0.74932515  0.          0.
    1.          0.          1.          0.          6.          1.        ]]]
no	Correct	backward execution		layer	[[ 0.75323474  0.24676523]]	[[[  0.83799684   0.91722366   0.90868981   0.81964559   0.55874251
     0.73176287   0.80187866   0.           0.           0.42693818
     0.26654888   0.           0.           0.           0.           0.
     0.          16.           1.        ]]]
recall:1.0, precision:0.9, f1:0.9473684210526316, accuracy:0.95 
no	Correct	unit test		storage device	[[ 0.66484076  0.33515924]]	[[[  0.86868254   0.89358766   0.79973575   0.88290157   0.75180952
     0.76420328   1.           0.           0.           0.           0.
     0.           0.           0.           0.           0.           1.
    12.           0.        ]]]
yes	Correct	retrospective		sprint retrospective	[[ 0.00106706  0.9989329 ]]	[[[ 0.90276845  0.97733425  0.97676795  0.93493886  0.81234102  0.84989068
    1.          1.          1.          0.          0.55415899  0.          0.
    1.          1.          0.          0.          7.          1.        ]]]
yes	Correct	electronic mail		e-mail	[[ 0.00174951  0.99825042]]	[[[  0.95890885   0.98369608   0.95873817   0.98301307   0.88302006
     0.97288991   1.           0.           0.           0.           0.
     0.           0.           1.           1.           0.           1.
    10.           0.        ]]]
no	Correct	dynamic invocation		communication management plan	[[ 0.66732669  0.33267331]]	[[[  0.84543751   0.82573791   0.81095366   0.84299393   0.49684122
     0.70569523   1.           0.           0.           0.           0.
     0.           0.           0.           0.           0.           0.
    22.           0.        ]]]
yes	Correct	operational testing		acceptance testing	[[ 0.00162288  0.99837708]]	[[[ 0.85248852  0.93187638  0.88617649  0.99274947  0.94704484  0.9660117
    1.          0.          0.          0.          0.          0.          0.
    1.          1.          0.          1.          9.          0.        ]]]
no	Correct	interrupt service routine		staging stream	[[ 0.66810483  0.3318952 ]]	[[[  0.   0.   0.   0.   0.   0.   1.   0.   0.   1.   0.   0.   0.   0.
     0.   0.   0.  20.   0.]]]
no	Correct	priority		risk threshold	[[ 0.66570234  0.33429763]]	[[[  0.93362725   0.92520771   0.92797314   0.93464774   0.63800356
     0.79349435   0.           0.           0.           0.           0.57816223
     0.           0.           0.           0.           0.           0.
    12.           1.        ]]]
no	Incorrect	rework		procedure	[[ 0.04090599  0.95909399]]	[[[ 0.8927733   0.93410006  0.90050038  0.89555264  0.49177013  0.77400324
    0.7393304   0.          0.          0.          0.53944259  0.          0.
    0.          0.          0.          1.          6.          2.        ]]]
no	Correct	failsafe		quality requirement	[[ 0.66732734  0.33267266]]	[[[  0.88377296   0.8982516    0.80412129   0.90922561   0.77521419
     0.88213576   1.           0.           0.           0.           0.
     0.           0.           0.           0.           0.           0.
    16.           1.        ]]]
yes	Incorrect	approach		activity	[[ 0.62106341  0.37893656]]	[[[ 0.          0.          0.          0.          0.          0.          0.
    0.          0.          0.60767398  0.          0.          0.          0.
    0.          0.          1.          7.          2.        ]]]
no	Correct	ideal day		decomposition diagram	[[ 0.66732585  0.33267412]]	[[[  0.83660417   0.92588292   0.87991156   0.85349432   0.58094483
     0.70938016   0.           0.           0.           0.           0.25975202
     0.           0.           0.           0.           0.           1.
    17.           0.        ]]]
yes	Incorrect	test-driven development		refactoring	[[ 0.66732472  0.33267525]]	[[[  0.96525294   0.98272345   0.90468952   0.97940356   0.67753235
     0.89451095   0.87766368   0.           1.           0.67819807   0.
     0.           0.           0.           0.           0.           0.
    19.           1.        ]]]
no	Correct	direct instruction		associative entity type	[[ 0.66732872  0.33267131]]	[[[  0.9363056    0.91707207   0.88929929   0.90653549   0.76640357
     0.82078716   1.           0.           0.           0.           0.
     0.           0.           0.           0.           0.           0.
    18.           0.        ]]]
no	Correct	meta-object		happened-upon technical debt	[[ 0.66734576  0.33265433]]	[[[  0.           0.           0.           0.85135186   0.43216038
     0.64655449   0.           0.           0.           0.35851899   0.
     0.           0.           0.           0.           0.           0.
    22.           0.        ]]]
yes	Correct	nonfunctional requirement		non-functional requirement	[[  1.41186986e-12   1.00000000e+00]]	[[[ 0.98147676  0.99438595  0.99408808  0.98384594  0.96943609  0.99151875
    1.          1.          0.          0.65409814  0.67192833  0.          0.
    1.          1.          0.          0.          1.          0.        ]]]
no	Correct	system requirements review		developers and testers	[[ 0.66733259  0.33266741]]	[[[  0.           0.           0.           0.81728465   0.79874243
     0.88094095   1.           0.           0.           0.           0.
     0.           0.           0.           0.           0.           1.
    20.           0.        ]]]
yes	Correct	practice		conventions	[[ 0.35321698  0.64678305]]	[[[ 0.9180667   0.92663806  0.93561127  0.94419164  0.68081945  0.88623918
    0.          0.          0.          0.          0.36331408  0.          0.
    0.          0.          0.          1.          9.          2.        ]]]
no	Correct	class-level responsibility		secondary window	[[ 0.66733152  0.33266848]]	[[[  0.           0.           0.           0.84928636   0.64292609
     0.75193254   1.           0.           0.           0.           0.
     0.           0.           0.           0.           0.           0.
    23.           0.        ]]]
no	Correct	quality assurance		evaluator	[[ 0.66670299  0.33329701]]	[[[  0.85140146   0.91722318   0.86187891   0.94564091   0.7419428
     0.83780074   1.           0.           0.           0.           0.
     0.           0.           0.           0.           0.           0.
    13.           1.        ]]]
yes	Correct	inspection		transparency	[[ 0.42155579  0.57844424]]	[[[ 0.86594367  0.89103032  0.88413256  0.93650177  0.58956554  0.80526575
    0.89312076  1.          0.          0.62324104  0.54468104  0.          0.
    0.          0.          0.          1.          9.          2.        ]]]
recall:0.8571428571428571, precision:0.75, f1:0.7999999999999999, accuracy:0.85 
no	Correct	milestone schedule		triggering event	[[ 0.78146601  0.21853401]]	[[[  0.85869365   0.90772043   0.8834151    0.89162239   0.78761351
     0.88261941   1.           0.           0.           0.           0.
     0.           0.           0.           0.           0.           1.
    15.           0.        ]]]
no	Incorrect	padding		discard	[[ 0.02906279  0.97093719]]	[[[ 0.87385262  0.91746509  0.87179804  0.74771615  0.57790163  0.71414566
    1.          0.          0.          1.          1.          0.          0.
    0.          0.          0.          1.          7.          2.        ]]]
no	Correct	test report		quality	[[ 0.77550757  0.22449239]]	[[[  0.85981983   0.87308648   0.77601753   0.93659769   0.61702621
     0.80186876   0.           0.           0.           0.58964217   0.
     0.           0.           0.           0.           0.           0.
    11.           1.        ]]]
no	Correct	compile		fault masking	[[ 0.71583188  0.28416815]]	[[[  0.76590064   0.8889093    0.86052013   0.90271933   0.71146602
     0.72993512   1.           0.           0.           1.           0.
     0.           0.           0.           0.           0.           0.
    11.           1.        ]]]
yes	Correct	incoming link		outgoing link	[[ 0.00176682  0.9982332 ]]	[[[ 0.95552706  0.97193788  0.94817476  0.96563295  0.87910393  0.85266424
    1.          0.          0.          0.          0.          0.          0.
    1.          1.          0.          1.          5.          0.        ]]]
no	Correct	protection exception		and validation	[[ 0.7814669   0.21853313]]	[[[  0.91795659   0.94055212   0.94038276   0.90530911   0.69394504
     0.82224142   1.           0.           0.           0.           0.
     0.           0.           0.           0.           0.           1.
    15.           0.        ]]]
yes	Incorrect	stepwise refinement		transaction analysis	[[ 0.78148955  0.21851048]]	[[[  0.90950892   0.93032836   0.88993666   0.91210133   0.71629748
     0.82108619   1.           0.           0.           0.           0.
     0.           0.           0.           0.           0.           1.
    19.           0.        ]]]
no	Correct	synchronous		practice	[[ 0.64277953  0.35722047]]	[[[  0.86359734   0.91704624   0.87449233   0.77193831   0.42157375
     0.61886425   0.           0.           0.           0.           0.
     0.           0.           0.           0.           0.           1.
    10.           2.        ]]]
yes	Correct	human-machine interface		user interface	[[ 0.19200136  0.80799866]]	[[[  0.93895268   0.93682265   0.9167923    0.97693104   0.83313016
     0.9190405    0.           0.           0.           0.72754208   0.
     0.           0.           1.           1.           0.           0.
    12.           0.        ]]]
yes	Correct	parameter		adaptation	[[ 0.21131112  0.7886889 ]]	[[[ 0.9126893   0.94115465  0.87930701  0.84436814  0.55822069  0.74877544
    0.79564043  0.          0.          0.45334714  0.27056198  0.          0.
    0.          0.          0.          1.          8.          2.        ]]]
no	Correct	procedure		if-then-else branch	[[ 0.78139228  0.21860771]]	[[[  0.90326384   0.97026758   0.89703837   0.94697786   0.68204125
     0.87389593   0.           0.           0.           0.           0.52269307
     0.           0.           0.           0.           0.           0.
    17.           1.        ]]]
no	Correct	imperative statement		chickens	[[ 0.78137475  0.2186252 ]]	[[[  0.92955051   0.9455644    0.93343972   0.85261607   0.48665766
     0.58082685   0.           0.           0.           0.42590551   0.
     0.           0.           0.           0.           0.           0.
    17.           1.        ]]]
no	Correct	structured programming language		dynamic relocation	[[ 0.7814911   0.21850894]]	[[[  0.94316761   0.96160851   0.9287195    0.90257262   0.60573953
     0.79123573   1.           0.           0.           0.           0.
     0.           0.           0.           0.           0.           0.
    26.           0.        ]]]
no	Correct	fast tracking		global configuration	[[ 0.78148526  0.2185148 ]]	[[[  0.91691645   0.92904191   0.89471584   0.80887537   0.6449119
     0.69011696   1.           0.           0.           0.           0.
     0.           0.           0.           0.           0.           1.
    17.           0.        ]]]
no	Correct	migrated attribute		mean time to repair	[[ 0.78146285  0.21853718]]	[[[  0.80424007   0.83293017   0.85537457   0.80127954   0.45810763
     0.74536717   1.           0.           0.           0.           0.
     0.           0.           0.           0.           0.           0.
    15.           0.        ]]]
no	Correct	performance indicator		keyword	[[ 0.78148621  0.21851382]]	[[[  0.   0.   0.   0.   0.   0.   1.   0.   0.   0.   0.   0.   0.   0.
     0.   0.   0.  17.   1.]]]
no	Correct	module		run stream	[[ 0.75463253  0.24536742]]	[[[ 0.86285931  0.95545914  0.89125239  0.90289718  0.59506542  0.74669493
    0.          0.          0.          0.34980964  0.          0.          0.
    0.          0.          0.          0.          9.          1.        ]]]
no	Correct	high-level Petri Net graph		two level encoding	[[ 0.78148544  0.21851453]]	[[[  0.   0.   0.   0.   0.   0.   1.   0.   0.   0.   0.   0.   0.   1.
     0.   0.   0.  18.   0.]]]
yes	Correct	assignment statement		control statement	[[ 0.01544464  0.98455542]]	[[[ 0.93186805  0.97644069  0.95903586  0.96632539  0.85843393  0.94431302
    1.          0.          0.          0.          0.          0.          0.
    1.          1.          0.          1.          9.          0.        ]]]
no	Correct	requirements derivation		division of standards	[[ 0.78148967  0.2185103 ]]	[[[  1.           1.           1.           0.96850636   0.82234505
     0.92152814   1.           0.           0.           0.           0.
     0.           0.           0.           0.           0.           0.
    20.           0.        ]]]
recall:0.8, precision:0.8, f1:0.8000000000000002, accuracy:0.9 
no	Correct	report		software life cycle	[[ 0.86568511  0.13431488]]	[[[  0.86607174   0.9275286    0.81258266   0.94794453   0.58142852
     0.81591893   0.           0.           0.           0.           0.62580741
     0.           0.           0.           0.           0.           0.
    17.           1.        ]]]
yes	Correct	maintenance		adaptive maintenance	[[ 0.0164773   0.98352271]]	[[[ 0.90742784  0.9379431   0.88249053  0.90529929  0.75242915  0.81130702
    0.          0.          0.          0.          0.58091645  0.          0.
    1.          1.          0.          0.          9.          1.        ]]]
no	Correct	defect		access facility	[[ 0.86709481  0.13290524]]	[[[  0.91729446   0.97049544   0.86981915   0.89890577   0.61416848
     0.76824524   0.           0.           0.           0.           0.53461573
     0.           0.           0.           0.           0.           0.
    11.           1.        ]]]
no	Correct	iteration retrospective		net graph	[[ 0.86556226  0.13443774]]	[[[  0.83417445   0.91757637   0.67885942   0.89669708   0.77789499
     0.81288995   1.           0.           0.           0.           0.
     0.           0.           0.           0.           0.           1.
    18.           0.        ]]]
yes	Incorrect	incremental development		transform analysis	[[ 0.86556274  0.13443726]]	[[[  0.89527264   0.89350366   0.80912567   0.89534407   0.75802714
     0.84848474   0.           0.           0.           0.           0.58182044
     0.           0.           0.           0.           0.           1.
    20.           0.        ]]]
yes	Correct	baseline		functional baseline	[[ 0.03017703  0.969823  ]]	[[[  0.89743247   0.96931735   0.91067493   0.97221458   0.89501349
     0.96220558   1.           0.           0.           0.           0.
     0.           0.           1.           1.           0.           0.
    11.           1.        ]]]
no	Correct	magic number		sprint planning	[[ 0.86544156  0.13455848]]	[[[  0.84921727   0.90986965   0.72147701   0.88904966   0.67173534
     0.84223885   0.           0.           0.           0.47139796   0.
     0.           0.           0.           0.           0.           1.
    13.           0.        ]]]
no	Correct	and validation		system of interest	[[ 0.86557263  0.13442741]]	[[[  0.90385418   0.95379569   0.92128052   0.93539653   0.71346512
     0.83591552   1.           0.           0.           0.           0.
     0.           0.           0.           0.           0.           0.
    16.           0.        ]]]
no	Correct	table of contents		memory capacity	[[ 0.86562085  0.13437912]]	[[[  0.81224654   0.81904725   0.79531418   0.88899913   0.62358006
     0.76716624   1.           0.           0.           0.           0.
     0.           0.           0.           0.           0.           0.
    13.           0.        ]]]
yes	Correct	down		up	[[ 0.00293828  0.99706167]]	[[[ 0.92166989  0.96846353  0.96028887  0.94646987  0.85260886  0.91403443
    0.94120657  0.          0.          0.          0.          0.          0.
    0.          0.          0.          1.          4.          2.        ]]]
no	Correct	production library		perform quantitative analysis	[[ 0.86556292  0.13443705]]	[[[  0.85091492   0.79325741   0.74175853   0.94945273   0.63166749
     0.76703315   1.           0.           0.           0.           0.
     0.           0.           0.           0.           0.           0.
    21.           0.        ]]]
yes	Correct	change dump		memory dump	[[ 0.00277     0.99722999]]	[[[ 0.92763382  0.94915312  0.93550882  0.88749211  0.7766152   0.85245524
    1.          0.          0.          0.          1.          0.          0.
    1.          1.          0.          1.          6.          0.        ]]]
no	Correct	timer event		track build item	[[ 0.86573738  0.13426267]]	[[[  0.           0.           0.           0.87996122   0.76551294
     0.83098984   1.           0.           0.           0.           0.
     0.           0.           0.           0.           0.           0.
    13.           0.        ]]]
no	Correct	activity		last responsible moment	[[ 0.86558235  0.13441758]]	[[[  0.91411081   0.95757189   0.8745631    0.8988057    0.71057
     0.81499756   0.68984888   0.           0.           0.42213585
     0.67624098   0.           0.           0.           0.           0.
     0.          20.           1.        ]]]
no	Correct	Open Database Connectivity		insight backlog	[[ 0.8655628   0.13443723]]	[[[  0.7079992    0.74902454   0.62332938   0.7895418    0.48050144
     0.77720711   0.           0.           0.           0.51252432   0.
     0.           0.           0.           0.           0.           0.
    22.           0.        ]]]
no	Correct	timeboxing		upload	[[ 0.50073493  0.49926507]]	[[[ 0.  0.  0.  0.  0.  0.  0.  0.  0.  1.  0.  0.  0.  0.  0.  0.  1.  9.
    2.]]]
no	Correct	network open end		measuring instrument	[[ 0.86565185  0.13434818]]	[[[  0.           0.           0.           0.82247492   0.64854079
     0.69356839   1.           0.           0.           0.           0.
     0.           0.           0.           0.           0.           0.
    15.           0.        ]]]
yes	Correct	development team		Scrum team	[[ 0.00982925  0.99017078]]	[[[  0.909952     0.96755914   0.81048075   0.9866126    0.88703033
     0.92658051   0.85619192   1.           0.           0.93527233
     0.66655088   0.           0.           1.           1.           0.
     1.          10.           0.        ]]]
no	Correct	beta testing		abstract data type	[[ 0.86567688  0.13432309]]	[[[  0.85898126   0.89032488   0.75606106   0.87683342   0.62718727
     0.70385646   1.           0.           0.           0.           0.
     0.           0.           0.           0.           0.           0.
    12.           0.        ]]]
no	Correct	tightly coupled message communication with reply		burndown chart	[[ 0.86556119  0.13443877]]	[[[  0.           0.           0.           0.93896072   0.70680297
     0.85436242   0.           0.           0.           0.53213805   0.
     0.           0.           0.           0.           0.           0.
    41.           0.        ]]]
recall:1.0, precision:0.8333333333333334, f1:0.9090909090909091, accuracy:0.95 
Average Recall=0.9121031746031745
Average Precision=0.7782323232323233
Average F1=0.8259512305719736
Average Accuracy=0.85
