Label encoding:no=[1, 0]
yes=[0, 1]
label,correctness,w1,w2,confidence,features
yes	Incorrect	address modification		relocatable address	[[ 0.55006653  0.44993353]]	[[[  0.94073158   0.94329094   0.92944834   0.89948286   0.7134091
     0.81304527   1.           0.           0.           0.           0.
     0.           0.           1.           0.           0.           1.
    19.           0.        ]]]
yes	Correct	integration test		integration testing	[[  8.02058508e-09   1.00000000e+00]]	[[[ 0.99167223  0.99885638  0.98934278  0.98308256  0.96075373  0.99140751
    1.          0.          0.          0.          0.          0.          0.
    2.          1.          1.          1.          3.          0.        ]]]
no	Correct	life cycle cost		test-first development	[[ 0.74576795  0.25423211]]	[[[  0.84787365   0.97091846   0.81206721   0.91152275   0.72323408
     0.87112133   0.           0.           0.           0.60999755   0.
     0.           0.           0.           0.           0.           1.
    18.           0.        ]]]
yes	Correct	computer instruction		instruction set	[[ 0.05494673  0.94505334]]	[[[  0.95219582   0.98361804   0.96058246   0.98454158   0.84763427
     0.94009363   1.           0.           0.           0.           1.
     0.           0.           1.           0.           0.           1.
    13.           0.        ]]]
yes	Correct	busy time		down time	[[  1.21251896e-05   9.99987841e-01]]	[[[ 0.96312853  0.9575902   0.92085629  0.86686159  0.73608092  0.87410186
    1.          0.          0.          0.          0.          0.          0.
    1.          1.          0.          1.          4.          0.        ]]]
yes	Correct	error seeding		indigenous error	[[ 0.1934015   0.80659848]]	[[[  0.89560262   0.95626811   0.93184496   0.84523839   0.58783697
     0.74105387   1.           0.           0.           1.           0.
     0.           0.           1.           0.           0.           1.
    14.           0.        ]]]
no	Correct	subject domain		architectural design	[[ 0.73664069  0.26335928]]	[[[  0.89226534   0.91767273   0.79595014   0.94885537   0.66538131
     0.77447695   1.           0.           0.           0.           0.
     0.           0.           0.           0.           0.           1.
    14.           0.        ]]]
no	Correct	Open Services		access facility	[[ 0.56649655  0.43350348]]	[[[  0.93409301   0.95444969   0.91658932   0.97492539   0.86997749
     0.9026796    1.           0.           0.           0.           0.
     0.           0.           0.           0.           0.           1.
    13.           0.        ]]]
no	Correct	requirement		transform-centered design	[[ 0.74576986  0.25423014]]	[[[  0.           0.           0.           0.95588423   0.80301008
     0.86678638   0.           0.           0.           0.           0.47435689
     0.           0.           0.           0.           0.           0.
    20.           1.        ]]]
yes	Correct	independent entity		identifier-independent entity	[[ 0.03539833  0.96460164]]	[[[  0.           0.           0.           0.87384447   0.69481502
     0.85319461   1.           0.           0.           0.           0.
     0.           0.           2.           1.           0.           0.
    11.           0.        ]]]
no	Correct	release engineer		data processing system	[[ 0.74576998  0.25423002]]	[[[  0.80058591   0.91324626   0.80539649   0.94467763   0.67701578
     0.83673389   1.           0.           0.           0.           0.
     0.           0.           0.           0.           0.           0.
    18.           0.        ]]]
yes	Correct	library		software library	[[ 0.03223214  0.96776789]]	[[[ 0.93289468  0.97662134  0.96201093  0.97463991  0.87938353  0.9495089
    1.          0.          0.          0.          0.          0.          0.
    1.          1.          0.          0.          9.          1.        ]]]
yes	Incorrect	external		invocation	[[ 0.72640413  0.27359587]]	[[[  0.88174268   0.93497603   0.9031449    0.           0.           0.
     0.           0.           0.           1.           0.15687514   0.
     0.           0.           0.           0.           1.          10.
     2.        ]]]
yes	Correct	idle		up	[[ 0.03680766  0.96319234]]	[[[ 0.93842417  0.95735756  0.95188831  0.83688737  0.61155463  0.70389738
    0.58934437  0.          0.          0.          0.          0.          0.
    0.          0.          0.          1.          4.          2.        ]]]
no	Incorrect	influencer		swap	[[ 0.27944034  0.72055966]]	[[[  0.90993316   0.94671457   0.91448505   0.86081926   0.35286729
     0.7266739    1.           0.           0.           0.           1.
     0.           0.           0.           0.           0.           1.
    10.           2.        ]]]
no	Correct	origin attribute		unavoidable technical debt	[[ 0.74576992  0.25423011]]	[[[  0.70008802   0.87068319   0.80107851   0.79346309   0.49734975
     0.65965189   0.           0.           0.           0.35354086   0.
     0.           0.           0.           0.           0.           0.
    22.           0.        ]]]
no	Incorrect	data model		system design	[[ 0.26256329  0.73743671]]	[[[  0.92997239   0.96335082   0.92127467   0.96232813   0.74308469
     0.83754911   1.           0.           0.           0.           0.
     0.           0.           0.           0.           0.           1.
    10.           0.        ]]]
no	Correct	imperative construct		application function point count	[[ 0.74576992  0.25423011]]	[[[  0.           0.           0.           0.92141161   0.7805034
     0.77767258   1.           0.           0.           0.           0.
     0.           0.           0.           0.           0.           0.
    21.           0.        ]]]
no	Correct	data processing center		interpretive code	[[ 0.74577522  0.25422481]]	[[[  0.           0.           0.           0.89581053   0.65249379
     0.77280898   1.           0.           0.           0.           0.
     0.           0.           0.           0.           0.           0.
    14.           0.        ]]]
yes	Correct	software specification review		software requirements review	[[ 0.03538973  0.96461028]]	[[[  0.           0.           0.           0.97614545   0.89665096
     0.95856467   0.           0.           0.           0.58911181   0.
     0.           0.           2.           1.           1.           1.
    12.           0.        ]]]
