Label encoding:no=[1, 0]
yes=[0, 1]
label,correctness,w1,w2,confidence,features
yes	Incorrect	crashing		schedule compression	[[ 0.71140516  0.28859484]]	[[[  0.           0.           0.           0.89848134   0.59216499
     0.81414566   1.           0.           0.           1.           0.
     0.           0.           0.           0.           0.           0.
    16.           1.        ]]]
yes	Incorrect	utilization		idle time	[[ 0.56256992  0.43743014]]	[[[ 0.94542366  0.96309281  0.91717913  0.94794859  0.66636744  0.83738859
    1.          0.          0.          0.          0.          0.          0.
    0.          0.          0.          0.          8.          1.        ]]]
no	Correct	life cycle cost		test-first development	[[ 0.71139175  0.28860825]]	[[[  0.84787365   0.97091851   0.81206721   0.9115229    0.72323407
     0.87112124   0.           0.           0.           0.60999758   0.
     0.           0.           0.           0.           0.           1.
    18.           0.        ]]]
yes	Correct	control coupling		pathological coupling	[[ 0.03747851  0.96252149]]	[[[  0.93815454   0.96645361   0.88018988   0.86970056   0.59121967
     0.86486781   1.           0.           0.           0.           0.
     0.           0.           1.           1.           0.           1.
    10.           0.        ]]]
yes	Correct	story mapping		user story	[[ 0.06677333  0.93322664]]	[[[  0.96051365   0.99077605   0.97576335   0.98978668   0.8875158
     0.95603273   0.90639403   0.           0.           0.62706637
     0.78400386   0.           0.           1.           0.           0.
     1.          11.           0.        ]]]
yes	Correct	exploitation		exploration	[[  2.10845230e-12   1.00000000e+00]]	[[[ 0.97811892  0.97318617  0.95943384  0.95028992  0.77017763  0.86091191
    0.73351463  0.          0.          0.53598054  0.66804447  0.          0.
    0.          0.          0.          1.          2.          2.        ]]]
no	Correct	subject domain		architectural design	[[ 0.71134007  0.28865996]]	[[[  0.89226538   0.91767271   0.79595014   0.94885525   0.66538134
     0.77447694   1.           0.           0.           0.           0.
     0.           0.           0.           0.           0.           1.
    14.           0.        ]]]
no	Correct	Open Services		access facility	[[ 0.7102586   0.28974143]]	[[[  0.93409301   0.9544496    0.91658942   0.97492549   0.86997741
     0.90267956   1.           0.           0.           0.           0.
     0.           0.           0.           0.           0.           1.
    13.           0.        ]]]
no	Correct	requirement		transform-centered design	[[ 0.71139288  0.28860718]]	[[[  0.           0.           0.           0.95588425   0.80301009
     0.86678628   0.           0.           0.           0.           0.47435688
     0.           0.           0.           0.           0.           0.
    20.           1.        ]]]
yes	Incorrect	indexed address		offset	[[ 0.71138823  0.28861177]]	[[[  0.96236166   0.95582327   0.93950875   0.91304034   0.57447784
     0.73813482   0.           0.           0.           0.4450984    1.
     0.           0.           0.           0.           0.           0.
    14.           1.        ]]]
no	Correct	release engineer		data processing system	[[ 0.71139193  0.28860804]]	[[[  0.80058586   0.91324632   0.80539657   0.94467763   0.67701577
     0.83673397   1.           0.           0.           0.           0.
     0.           0.           0.           0.           0.           0.
    18.           0.        ]]]
yes	Correct	constant		literal	[[ 0.42393437  0.57606566]]	[[[ 0.90446269  0.9578526   0.93835527  0.78999949  0.46697226  0.6801747
    0.          0.          0.          1.          0.          0.          0.
    0.          0.          0.          1.          7.          2.        ]]]
yes	Incorrect	literal		figurative constant	[[ 0.71139115  0.28860885]]	[[[  0.93789202   0.94610444   0.92158223   0.93379739   0.80724479
     0.93690382   1.           0.           0.           1.           1.
     0.           0.           0.           0.           0.           0.
    15.           1.        ]]]
yes	Correct	code review		requirements review	[[ 0.03829657  0.96170342]]	[[[  0.94604054   0.96606755   0.92941114   0.96996384   0.81369075
     0.85734808   0.           0.           0.           0.           0.57422649
     0.           0.           1.           1.           0.           1.
    11.           0.        ]]]
no	Correct	influencer		swap	[[ 0.70529813  0.29470187]]	[[[  0.90993313   0.94671453   0.91448494   0.86081916   0.35286725
     0.72667388   1.           0.           0.           0.           1.
     0.           0.           0.           0.           0.           1.
    10.           2.        ]]]
no	Correct	origin attribute		unavoidable technical debt	[[ 0.71139234  0.28860769]]	[[[  0.70008804   0.87068322   0.80107858   0.79346321   0.49734973
     0.65965186   0.           0.           0.           0.35354084   0.
     0.           0.           0.           0.           0.           0.
    22.           0.        ]]]
no	Correct	data model		system design	[[ 0.55815566  0.44184431]]	[[[  0.92997246   0.96335086   0.92127458   0.96232819   0.7430847
     0.83754904   1.           0.           0.           0.           0.
     0.           0.           0.           0.           0.           1.
    10.           0.        ]]]
no	Correct	imperative construct		application function point count	[[ 0.71139276  0.2886073 ]]	[[[  0.           0.           0.           0.92141155   0.78050341
     0.77767252   1.           0.           0.           0.           0.
     0.           0.           0.           0.           0.           0.
    21.           0.        ]]]
no	Correct	data processing center		interpretive code	[[ 0.71139807  0.28860199]]	[[[  0.           0.           0.           0.89581054   0.65249373
     0.77280904   1.           0.           0.           0.           0.
     0.           0.           0.           0.           0.           0.
    14.           0.        ]]]
yes	Incorrect	storage allocation		buffer	[[ 0.71139193  0.28860804]]	[[[  0.931536     0.97129373   0.96511439   0.95454366   0.83590875
     0.91764899   1.           0.           0.           0.           0.
     0.           0.           0.           0.           0.           0.
    17.           1.        ]]]
recall:0.6666666666666666, precision:1.0, f1:0.8, accuracy:0.75 
no	Correct	web		problem definition	[[ 0.79971111  0.20028889]]	[[[  0.92665511   0.92209684   0.89008365   0.89060533   0.57800046
     0.76584902   0.           0.           0.           0.           0.50686373
     0.           0.           0.           0.           0.           0.
    17.           1.        ]]]
no	Correct	working area		measurement method	[[ 0.79970372  0.2002963 ]]	[[[  0.90278805   0.95295217   0.94412282   0.91517712   0.76455555
     0.86578724   1.           0.           0.           0.           0.
     0.           0.           0.           0.           0.           1.
    15.           0.        ]]]
no	Correct	pseudo-instruction		service management	[[ 0.79971188  0.20028819]]	[[[  0.8490215    0.83857905   0.67589207   0.86538515   0.58607676
     0.74424639   1.           0.           0.           0.           0.
     0.           0.           0.           0.           0.           1.
    16.           0.        ]]]
no	Correct	mock objects		rework	[[ 0.78100967  0.21899033]]	[[[  0.9333371    0.97245194   0.94049036   0.86812807   0.51774374
     0.82953856   0.           0.           0.           0.40582733   1.
     0.           0.           0.           0.           0.           0.
    11.           1.        ]]]
yes	Incorrect	self-descriptiveness		maintainability	[[ 0.79971218  0.20028783]]	[[[  0.90667518   0.9500992    0.91963334   0.91662342   0.57763618
     0.80361789   0.           0.           0.           0.22328655   0.
     0.           0.           0.           0.           0.           0.
    18.           1.        ]]]
no	Correct	added source statements		defect aging	[[ 0.79975474  0.20024525]]	[[[  0.           0.           0.           0.92832013   0.60693872
     0.78724627   1.           0.           0.           0.           1.
     0.           0.           0.           0.           0.           0.
    17.           0.        ]]]
yes	Correct	computer center		data processing center	[[ 0.11954781  0.8804521 ]]	[[[  0.           0.           0.           0.85750871   0.70506342
     0.84497321   1.           0.           0.           0.           0.
     0.           0.           1.           1.           0.           0.
    13.           0.        ]]]
no	Correct	ScrumMaster		project planning	[[ 0.79968536  0.20031467]]	[[[  0.95462975   0.94215053   0.85997293   0.95748988   0.57637423
     0.82239047   0.           0.           0.           0.           0.
     0.           0.           0.           0.           0.           0.
    14.           1.        ]]]
yes	Correct	agile software management		agile software development	[[  4.78961920e-06   9.99995232e-01]]	[[[ 0.88956188  0.88017902  0.86070875  0.99666298  0.95817602  0.9731129
    0.          0.          0.          0.58630731  0.          0.          0.
    2.          0.          1.          1.          7.          0.        ]]]
yes	Incorrect	incremental development		structured design	[[ 0.79971188  0.20028813]]	[[[  0.92253049   0.94973      0.94653482   0.92356739   0.79262371
     0.90609101   0.           0.           0.           0.           0.65374628
     0.           0.           0.           0.           0.           1.
    18.           0.        ]]]
yes	Incorrect	repo		repository	[[ 0.83939195  0.16060801]]	[[[ 0.  0.  0.  0.  0.  0.  1.  0.  0.  0.  1.  0.  0.  0.  0.  0.  1.  6.
    2.]]]
no	Correct	multiple inheritance		niko-niko calendar	[[ 0.79973167  0.20026831]]	[[[  0.           0.           0.           0.89188034   0.55919018
     0.78863555   1.           0.           0.           0.           0.
     0.           0.           0.           0.           0.           0.
    18.           0.        ]]]
no	Correct	tolerance		unstratified language	[[ 0.79971939  0.20028061]]	[[[  0.           0.           0.           0.9376549    0.78643567
     0.84113181   1.           0.           0.           0.           0.
     0.           0.           0.           0.           0.           0.
    16.           1.        ]]]
yes	Incorrect	demodularization		upward compression	[[ 0.79964989  0.20035012]]	[[[  1.           1.           1.           0.85137172   0.56982332
     0.81555654   1.           0.           0.           0.           0.
     0.           0.           0.           0.           0.           0.
    14.           1.        ]]]
no	Correct	detailed function point count		capital expenditure	[[ 0.79973245  0.20026749]]	[[[  0.           0.           0.           0.84127736   0.48398478
     0.71175881   0.           0.           0.           0.59114904   0.
     0.           0.           0.           0.           0.           0.
    23.           0.        ]]]
yes	Correct	execution trace		retrospective trace	[[ 0.02542928  0.97457075]]	[[[ 0.          0.          0.          0.81872006  0.63711555  0.7689      1.
    0.          0.          0.          0.          0.          0.          1.
    1.          0.          1.          9.          0.        ]]]
no	Correct	software tag		service level agreement	[[ 0.79992956  0.20007043]]	[[[  0.   0.   0.   0.   0.   0.   1.   0.   0.   0.   0.   0.   0.   0.
     0.   0.   0.  19.   0.]]]
yes	Correct	assemble		disassemble	[[  1.11075046e-07   9.99999881e-01]]	[[[ 0.93689021  0.96304142  0.95221151  0.91804194  0.43674864  0.72334934
    0.          0.          0.          1.          0.          0.          0.
    0.          0.          0.          1.          3.          2.        ]]]
yes	Correct	execution efficiency		execution time	[[ 0.01572827  0.98427171]]	[[[ 0.92869346  0.96101661  0.90503565  0.94560614  0.76447288  0.8986971
    1.          0.          0.          0.          0.          0.          0.
    1.          0.          1.          1.          8.          0.        ]]]
no	Correct	dynamic allocation		extranet	[[ 0.7997117   0.20028824]]	[[[  0.81583707   0.8716611    0.70184056   0.88325006   0.41100218
     0.74211574   1.           0.           0.           0.           0.
     0.           0.           0.           0.           0.           0.
    16.           1.        ]]]
recall:0.7333333333333333, precision:1.0, f1:0.846153846153846, accuracy:0.8 
no	Correct	known technical debt		busy	[[ 0.70475793  0.29524213]]	[[[  0.81157922   0.77271858   0.70691845   0.89931221   0.68392047
     0.79706271   0.           0.           0.           0.           0.
     0.           0.           0.           0.           0.           0.
    20.           1.        ]]]
yes	Correct	known technical debt		technical debt	[[ 0.01263919  0.98736084]]	[[[ 0.91851317  0.93215749  0.92016289  0.99880203  0.96537605  0.97702251
    0.89785443  0.          1.          0.84632678  0.88185306  0.          0.
    2.          1.          0.          0.          6.          0.        ]]]
no	Correct	role-feature-reason		run time	[[ 0.70475793  0.29524207]]	[[[  0.           0.           0.           0.77260335   0.5580969
     0.62806392   1.           0.           0.           0.           1.
     0.           0.           0.           0.           0.           0.
    16.           0.        ]]]
no	Correct	meta-scrum		transactional process	[[ 0.70475715  0.29524288]]	[[[  0.62794135   0.9185046    0.69782472   0.93932656   0.68073813
     0.86121288   1.           0.           0.           0.           0.
     0.           0.           0.           0.           0.           1.
    18.           0.        ]]]
yes	Correct	video display terminal		visual display terminal	[[  6.85237001e-06   9.99993205e-01]]	[[[ 0.          0.          0.          0.95843857  0.76134293  0.94612122
    1.          0.          0.          0.          0.          0.          0.
    2.          1.          0.          1.          4.          0.        ]]]
yes	Correct	error prediction		error model	[[ 0.16145998  0.83854008]]	[[[ 0.94423913  0.96575487  0.96651417  0.96368882  0.91649415  0.97684727
    1.          0.          0.          0.          0.          0.          0.
    1.          0.          1.          1.          9.          0.        ]]]
yes	Correct	test item transmittal report		test report	[[ 0.18211374  0.81788629]]	[[[  0.           0.           0.           0.91525286   0.7033978
     0.78565907   1.           0.           0.           0.           0.
     0.           0.           2.           1.           1.           0.
    17.           0.        ]]]
no	Correct	vendor		soft error	[[ 0.60915202  0.39084795]]	[[[ 0.          0.          0.          0.86261723  0.67241182  0.77015851
    1.          0.          0.          0.          0.          0.          0.
    0.          0.          0.          0.          7.          1.        ]]]
yes	Correct	artificial language		formal language	[[ 0.07120126  0.92879868]]	[[[ 0.96186365  0.98068418  0.91692032  0.98041671  0.84873853  0.94783191
    0.          0.          0.          0.60707546  0.          0.          0.
    1.          1.          0.          1.          7.          0.        ]]]
yes	Correct	downward compatible		upward compatible	[[  8.93995282e-04   9.99105990e-01]]	[[[ 0.97412525  0.9664404   0.95790815  0.84909027  0.82561906  0.8324352
    1.          0.          0.          1.          1.          0.          0.
    1.          1.          0.          1.          4.          0.        ]]]
no	Correct	unit test framework		checkout	[[ 0.70475751  0.29524252]]	[[[  0.84939415   0.9065028    0.82479071   0.83945839   0.58462404
     0.72996078   1.           0.           0.           0.           0.
     0.           0.           0.           0.           0.           0.
    17.           1.        ]]]
no	Correct	symbolic execution		implementation requirement	[[ 0.70475775  0.29524228]]	[[[  0.92613809   0.95314451   0.92371544   0.88637665   0.62139159
     0.78423597   1.           0.           0.           0.           0.
     0.           0.           0.           0.           0.           1.
    21.           0.        ]]]
yes	Incorrect	modular programming		input-process-output	[[ 0.70475733  0.29524267]]	[[[  0.92544862   0.949282     0.96140516   0.93163893   0.6620043
     0.79492177   1.           0.           0.           0.           0.
     0.           0.           0.           0.           0.           0.
    18.           0.        ]]]
yes	Correct	prototyping		rapid prototyping	[[ 0.0342323   0.96576768]]	[[[ 0.97630059  0.9612869   0.96410872  0.98737473  0.89169614  0.97748877
    0.          0.          0.          1.          0.708792    0.          0.
    1.          1.          0.          0.          6.          1.        ]]]
no	Correct	re-entrant		numeric	[[ 0.6637671   0.33623293]]	[[[ 0.90585705  0.93650785  0.90978035  0.88060272  0.64805616  0.84726447
    1.          0.          0.          1.          1.          0.          0.
    0.          0.          0.          0.          8.          1.        ]]]
yes	Correct	suspect		valid	[[ 0.38272849  0.61727154]]	[[[ 0.87096274  0.91310686  0.8828033   0.92736127  0.65655535  0.77940836
    1.          0.          0.          1.          1.          0.          0.
    0.          0.          0.          1.          7.          2.        ]]]
no	Correct	functional size		subject system	[[ 0.70472723  0.2952728 ]]	[[[  0.91081557   0.92954131   0.91191963   0.95534442   0.80091169
     0.89677729   0.           0.           0.           0.           0.6269165
     0.           0.           0.           0.           0.           1.
    13.           0.        ]]]
no	Correct	backward recovery		logical cohesion	[[ 0.70474172  0.29525831]]	[[[  0.           0.           0.           0.90368445   0.75467027
     0.90858302   1.           0.           0.           0.           0.
     0.           0.           0.           0.           0.           1.
    14.           0.        ]]]
no	Correct	tag		self-directed work team	[[ 0.70475829  0.29524174]]	[[[  1.   1.   1.   0.   0.   0.   1.   0.   0.   0.   0.   0.   0.   0.
     0.   0.   0.  21.   1.]]]
no	Correct	version description document		fitness-for-use test	[[ 0.70475823  0.29524177]]	[[[  0.           0.           0.           0.86968532   0.66535283
     0.80371968   1.           0.           0.           0.           0.
     0.           0.           0.           0.           0.           0.
    21.           0.        ]]]
recall:0.9166666666666666, precision:1.0, f1:0.9565217391304348, accuracy:0.95 
yes	Correct	base address		relative address	[[ 0.03105808  0.96894193]]	[[[ 0.97206201  0.97917519  0.92800616  0.93316552  0.84040501  0.87942398
    1.          0.          0.          0.          0.          0.          0.
    1.          1.          0.          1.          6.          0.        ]]]
yes	Correct	capable process		stable process	[[  7.70038071e-07   9.99999285e-01]]	[[[ 0.89719145  0.95355344  0.92193419  0.91775682  0.84556143  0.93677079
    1.          0.          0.          0.          0.          0.          0.
    1.          1.          0.          1.          3.          0.        ]]]
yes	Correct	software development library		production library	[[ 0.13043408  0.86956596]]	[[[  0.79621303   0.94096505   0.84295932   0.97972074   0.90389025
     0.94892879   1.           0.           0.           0.           0.
     0.           0.           1.           1.           0.           0.
    16.           0.        ]]]
yes	Incorrect	queue		work in process	[[ 0.73162919  0.26837081]]	[[[  0.88683419   0.93515586   0.90056966   0.92698918   0.50465342
     0.80740734   0.81998191   1.           0.           0.42914923
     0.76200505   0.           0.           0.           0.           0.
     0.          14.           1.        ]]]
no	Correct	system stakeholder		design phase	[[ 0.73161936  0.26838064]]	[[[  0.79045644   0.           0.71986708   0.90801619   0.73300917
     0.80574117   0.           0.           0.           0.           0.47263099
     0.           0.           0.           0.           0.           1.
    14.           0.        ]]]
no	Correct	pass criteria		raw requirement	[[ 0.7315287   0.26847127]]	[[[  0.93021645   0.96056169   0.93951694   0.85187748   0.51128016
     0.65238847   0.           0.           0.           0.           0.59267965
     0.           0.           0.           0.           0.           1.
    12.           0.        ]]]
yes	Incorrect	estimate at completion		earned value technique	[[ 0.73165029  0.26834962]]	[[[  0.82178957   0.83838671   0.87149056   0.97638538   0.91061199
     0.94953881   1.           0.           0.           0.           0.
     0.           0.           0.           0.           0.           1.
    20.           0.        ]]]
yes	Correct	agile		Kanban	[[ 0.05233302  0.947667  ]]	[[[ 0.95857417  0.98080845  0.90323299  0.98329958  0.70090762  0.89053967
    0.82645065  1.          0.          0.          0.29469651  0.          0.
    0.          0.          0.          1.          5.          2.        ]]]
no	Correct	instance data		actor	[[ 0.73152393  0.26847604]]	[[[  0.89859439   0.96092275   0.889442     0.72525665   0.39343397
     0.52441363   1.           0.           0.           0.           0.
     0.           0.           0.           0.           0.           0.
    11.           1.        ]]]
yes	Incorrect	unwind		straightline coding	[[ 0.73164433  0.26835564]]	[[[  0.           0.           0.           0.94320877   0.66823905
     0.8771081    1.           0.           0.           1.           0.
     0.           0.           0.           0.           0.           0.
    16.           1.        ]]]
yes	Correct	problem state		slave state	[[ 0.03181801  0.96818203]]	[[[ 0.90438003  0.86675732  0.89100545  0.93213382  0.76352811  0.81817622
    1.          0.          0.          0.          0.          0.          0.
    1.          1.          0.          1.          6.          0.        ]]]
yes	Incorrect	macro		macrogenerator	[[ 0.72198433  0.27801567]]	[[[ 0.          0.          0.          0.97139306  0.83575923  0.92326311
    1.          0.          0.          1.          0.          0.          0.
    0.          0.          0.          1.          9.          2.        ]]]
yes	Incorrect	redundancy		diversity	[[ 0.50223589  0.49776414]]	[[[ 0.91910089  0.93176214  0.91127992  0.93115716  0.63216523  0.85204674
    1.          0.          0.          0.          0.          0.          0.
    0.          0.          0.          1.          9.          2.        ]]]
no	Correct	resource group		defect	[[ 0.7315352  0.2684648]]	[[[  0.92532633   0.93074169   0.85799962   0.93352349   0.70267833
     0.81414464   0.           0.           0.           0.54995948   0.
     0.           0.           0.           0.           0.           0.
    12.           1.        ]]]
no	Correct	interruption		schedule development	[[ 0.7316491   0.26835087]]	[[[  0.90226215   0.95521548   0.89474745   0.94184969   0.68658808
     0.86000452   0.           0.           0.           0.32837743   0.
     0.           0.           0.           0.           0.           0.
    17.           1.        ]]]
yes	Correct	error		static error	[[ 0.03397062  0.96602941]]	[[[ 0.93660896  0.96610065  0.91392375  0.85294897  0.72339603  0.80336068
    1.          0.          0.          0.          0.          0.          0.
    1.          1.          0.          0.          7.          1.        ]]]
yes	Incorrect	coding		software development process	[[ 0.73165083  0.2683492 ]]	[[[  0.92438941   0.92915993   0.8274096    0.95498545   0.73825521
     0.85713039   0.           0.           0.           1.           0.61951723
     0.           0.           0.           0.           0.           0.
    25.           1.        ]]]
no	Correct	test bed		source code data	[[ 0.73161852  0.26838151]]	[[[  0.91470446   0.93922056   0.87297617   0.91386566   0.69317064
     0.72327261   1.           0.           0.           0.           0.
     0.           0.           0.           0.           0.           0.
    13.           0.        ]]]
yes	Incorrect	fail safe		fault secure	[[ 0.5188157  0.4811843]]	[[[ 0.          0.          0.          0.94782205  0.78198821  0.87042108
    0.          0.          0.          1.          0.          0.          0.
    0.          0.          0.          1.          6.          0.        ]]]
yes	Correct	configuration management		configuration status accounting	[[ 0.12600388  0.87399614]]	[[[  0.95387452   0.97086422   0.93616414   0.94166541   0.62219242
     0.79306272   1.           0.           0.           0.           0.
     0.           0.           1.           0.           1.           0.
    13.           0.        ]]]
recall:0.46153846153846156, precision:1.0, f1:0.631578947368421, accuracy:0.65 
no	Correct	management		software test incident	[[ 0.64638776  0.35361227]]	[[[  0.           0.           0.           0.94154625   0.7307171
     0.84278021   0.           0.           0.           0.           0.50570408
     0.           0.           0.           0.           0.           0.
    17.           1.        ]]]
no	Correct	exit criteria		OAuth	[[ 0.6463843  0.3536157]]	[[[  0.85738351   0.91141318   0.73559356   0.85113801   0.52112673
     0.62328806   0.           0.           0.           0.          -0.06630396
     0.           0.           0.           0.           0.           0.
    12.           1.        ]]]
no	Correct	interrupt priority		test data	[[ 0.6457023   0.35429773]]	[[[  0.88616622   0.89736457   0.84723174   0.90095002   0.75010932
     0.87128602   1.           0.           0.           0.           0.
     0.           0.           0.           0.           0.           1.
    13.           0.        ]]]
yes	Correct	test log		test incident report	[[ 0.42459676  0.57540333]]	[[[  0.87641823   0.80299536   0.92236004   0.9100665    0.75213272
     0.83879466   1.           0.           0.           0.           0.
     0.           0.           1.           0.           1.           0.
    14.           0.        ]]]
yes	Incorrect	batch		real time	[[ 0.61961168  0.38038838]]	[[[ 0.9172554   0.93431547  0.88426681  0.96100534  0.60870123  0.89028467
    0.          0.          0.          0.          0.60796379  0.          0.
    0.          0.          0.          0.          7.          1.        ]]]
yes	Correct	down		crash	[[ 0.16593024  0.83406973]]	[[[ 0.88098066  0.92217577  0.89282351  0.92609794  0.59502596  0.75437525
    0.          0.          0.          1.          0.25554866  0.          0.
    0.          0.          0.          1.          5.          2.        ]]]
no	Correct	base functional component		basic path	[[ 0.64638805  0.35361198]]	[[[  0.           0.           0.           0.8081382    0.56060662
     0.74236872   1.           0.           0.           0.           0.
     0.           0.           0.           0.           0.           0.
    19.           0.        ]]]
yes	Correct	code		source code	[[ 0.12595822  0.8740418 ]]	[[[ 0.95559721  0.96422504  0.96220691  0.90598926  0.85019483  0.83039709
    0.          0.          0.          0.          0.59445227  0.          0.
    1.          1.          0.          0.          7.          1.        ]]]
no	Correct	maintenance plan		macro generating program	[[ 0.6463908   0.35360911]]	[[[  0.           0.           0.           0.77243325   0.42213332
     0.6388754    1.           0.           0.           0.           0.
     0.           0.           0.           0.           0.           0.
    16.           0.        ]]]
no	Correct	risk monitoring and control		cross-functional team	[[ 0.64638728  0.35361272]]	[[[  0.           0.           0.           0.95308575   0.68093564
     0.80529598   0.           0.           0.           0.51536691   0.
     0.           0.           0.           0.           0.           0.
    20.           0.        ]]]
no	Correct	software component		and validation	[[ 0.64635867  0.3536413 ]]	[[[  0.92998423   0.96095419   0.91433747   0.95879994   0.7898825
     0.90958695   1.           0.           0.           0.           0.
     0.           0.           0.           0.           0.           1.
    15.           0.        ]]]
yes	Correct	code		machine code	[[ 0.13146055  0.86853951]]	[[[ 0.93162501  0.95948357  0.91165205  0.90333117  0.85766073  0.83098668
    0.          0.          0.          0.          0.5796559   0.          0.
    1.          1.          0.          0.          8.          1.        ]]]
no	Correct	participant property		Artifacts page	[[ 0.64562958  0.35437042]]	[[[  0.88527931   0.92061319   0.85681745   0.93524324   0.63679886
     0.90024546   1.           0.           0.           0.           0.
     0.           0.           0.           0.           0.           1.
    13.           0.        ]]]
yes	Incorrect	Ada		perfective maintenance	[[ 0.64638627  0.3536137 ]]	[[[  0.9123582    0.95145357   0.83101955   0.95626956   0.65541957
     0.9038586    1.           0.           0.           0.           0.
     0.           0.           0.           0.           0.           0.
    21.           1.        ]]]
yes	Correct	project chartering		project inception	[[ 0.16261834  0.83738166]]	[[[ 0.          0.          0.          0.94215177  0.7451644   0.85204292
    0.75085941  0.          0.          1.          0.72637937  0.          0.
    1.          0.          1.          1.          9.          0.        ]]]
yes	Correct	fail fast		fast feedback	[[ 0.14673221  0.85326779]]	[[[ 0.92167525  0.95949136  0.89716088  0.97631345  0.75640022  0.85278777
    0.86797498  0.          0.          0.          0.74827456  0.          0.
    1.          0.          0.          1.          8.          0.        ]]]
yes	Incorrect	rapid prototyping		spiral model	[[ 0.64621878  0.35378122]]	[[[  0.91186034   0.96036566   0.8726341    0.94978362   0.79325522
     0.87860109   1.           0.           0.           0.           0.
     0.           0.           0.           0.           0.           1.
    14.           0.        ]]]
no	Correct	straight-line code		nonfunctional requirement	[[ 0.64638644  0.35361362]]	[[[  0.77027014   0.90208493   0.72912039   0.87573248   0.70643594
     0.86133065   0.           0.           0.           0.38695318   0.
     0.           0.           0.           0.           0.           0.
    21.           0.        ]]]
yes	Correct	enumeration type		integer type	[[ 0.12483777  0.87516218]]	[[[ 0.94111327  0.97499537  0.95246455  0.971656    0.88344289  0.97264092
    1.          0.          0.          0.          0.          0.          0.
    1.          1.          0.          1.          9.          0.        ]]]
yes	Incorrect	maintainability		flexibility	[[ 0.60822386  0.39177608]]	[[[ 0.94010286  0.98144129  0.94847991  0.87172905  0.64144519  0.84832809
    0.          0.          0.          0.          0.67515161  0.          0.
    0.          0.          0.          1.          8.          2.        ]]]
recall:0.6923076923076923, precision:1.0, f1:0.8181818181818181, accuracy:0.8 
no	Correct	software-intensive system		subject domain responsibility	[[ 0.82031256  0.17968746]]	[[[  1.           1.           1.           0.92514644   0.79429568
     0.86803046   1.           0.           0.           0.           0.
     0.           0.           0.           0.           0.           1.
    23.           0.        ]]]
yes	Incorrect	blocking factor		initial program load	[[ 0.80395555  0.19604447]]	[[[  0.93096702   0.94067259   0.90617119   0.88636934   0.59558152
     0.78025912   1.           0.           0.           0.           0.
     0.           0.           0.           0.           0.           0.
    17.           0.        ]]]
yes	Correct	interrupt latency		interrupt priority	[[ 0.04833667  0.95166337]]	[[[ 0.95636238  0.98112707  0.97232147  0.97756258  0.86309189  0.92078878
    1.          0.          0.          0.          0.          0.          0.
    1.          0.          1.          1.          7.          0.        ]]]
yes	Correct	definition of done		done-done-done	[[ 0.04909053  0.9509095 ]]	[[[  0.90607562   0.93087152   0.89378236   0.95833204   0.75115848
     0.83560038   0.8356125    0.           0.           0.41220108   0.
     0.           0.           1.           1.           0.           1.
    10.           0.        ]]]
yes	Incorrect	cost accounting		operational expense	[[ 0.62563527  0.3743647 ]]	[[[  0.93087786   0.96440991   0.89397875   0.96834014   0.86369539
     0.92570517   0.83400288   0.           0.           0.7385105
     0.83400288   0.           0.           0.           0.           0.
     1.          16.           0.        ]]]
no	Correct	prioritized list		consumer software package	[[ 0.82810163  0.17189845]]	[[[  0.           0.           0.           0.94281624   0.81071423
     0.90609882   0.           0.           0.           0.           0.56818728
     0.           0.           0.           0.           0.           0.
    22.           0.        ]]]
no	Correct	software requirements engineering		operations	[[ 0.82804579  0.17195424]]	[[[  0.77916534   0.89297396   0.70580184   0.95748457   0.76203451
     0.8986746    0.           0.           0.           0.7312882    0.
     0.           0.           0.           0.           0.           0.
    27.           1.        ]]]
no	Correct	hostile backout		free float	[[ 0.82587159  0.17412844]]	[[[  0.   0.   0.   0.   0.   0.   1.   0.   0.   0.   0.   0.   0.   0.
     0.   0.   1.  11.   0.]]]
yes	Incorrect	assembler language		machine code	[[ 0.61115962  0.38884035]]	[[[  0.94967651   0.98295163   0.95218955   0.99044954   0.85875426
     0.95186573   1.           0.           0.           0.           0.
     0.           0.           0.           0.           0.           1.
    15.           0.        ]]]
no	Correct	non-identifying relationship		configuration item form	[[ 0.82795876  0.17204127]]	[[[  0.           0.           0.           0.89166322   0.77506261
     0.89999624   1.           0.           0.           0.           0.
     0.           0.           0.           0.           0.           1.
    21.           0.        ]]]
no	Correct	assessment participant		process attribute rating	[[ 0.82795274  0.17204724]]	[[[  0.           0.           0.           0.96428911   0.85743303
     0.93435777   1.           0.           0.           0.           0.
     0.           0.           0.           0.           0.           0.
    18.           0.        ]]]
no	Correct	offset		cycle stealing	[[ 0.60933948  0.39066061]]	[[[  0.90427394   0.91865888   0.85756095   0.85964126   0.6196946
     0.81772846   0.           0.           0.           1.           0.45025685
     0.           0.           0.           0.           0.           0.
    12.           1.        ]]]
no	Correct	load-and-go		scope baseline	[[ 0.63898247  0.36101755]]	[[[  0.83189969   0.92710229   0.82827261   0.90311112   0.58437156
     0.7394986    1.           0.           0.           0.           0.
     0.           0.           0.           0.           0.           0.
    12.           0.        ]]]
no	Correct	transaction cost		contingency allowanceH	[[ 0.82786417  0.17213583]]	[[[  0.           0.           0.           0.90157579   0.75457226
     0.87354851   0.           0.           0.           0.           0.
     0.           0.           0.           0.           0.           1.
    19.           0.        ]]]
yes	Incorrect	factoring		modular decomposition	[[ 0.79862493  0.20137501]]	[[[  0.88634374   0.88670192   0.92773182   0.92596591   0.70503098
     0.86033537   0.           0.           0.           0.           0.45734402
     0.           0.           0.           0.           0.           0.
    17.           1.        ]]]
yes	Incorrect	config spec		configuration specification	[[ 0.61721587  0.38278413]]	[[[  0.96463838   0.95347823   0.92529137   0.97999876   0.9214246
     0.95667788   1.           0.           0.           0.           0.
     0.           0.           0.           0.           0.           1.
    16.           0.        ]]]
yes	Correct	flexibility		adaptability	[[ 0.20575711  0.79424292]]	[[[ 0.95911019  0.9868314   0.92755395  0.91106319  0.62000429  0.85836404
    1.          0.          0.          0.          0.          0.          0.
    0.          0.          0.          1.          6.          2.        ]]]
yes	Correct	definition of done		single done	[[ 0.14392667  0.85607338]]	[[[  0.87588111   0.93443009   0.84465508   0.92752827   0.74911106
     0.86670229   0.           0.           0.           0.           0.
     0.           0.           1.           1.           0.           0.
    11.           0.        ]]]
no	Correct	poker planning		suspend	[[ 0.61438978  0.38561025]]	[[[  0.89071335   0.91112749   0.84958121   0.92482566   0.70756875
     0.82467934   0.           0.           0.           0.           0.
     0.           0.           0.           0.           0.           0.
    12.           1.        ]]]
yes	Incorrect	refactoring		technical practices	[[ 0.6816321   0.31836784]]	[[[  0.94586153   0.97643123   0.79512701   0.95314839   0.66528714
     0.89281105   0.88532221   0.           0.           0.           0.79498243
     0.           0.           0.           0.           0.           0.
    15.           1.        ]]]
recall:0.625, precision:1.0, f1:0.7692307692307693, accuracy:0.7 
yes	Incorrect	assignment statement		declaration	[[ 0.79458797  0.20541207]]	[[[  0.9545592    0.98086646   0.9761616    0.90044791   0.73828853
     0.84060462   0.           0.           0.           0.7295767    0.
     0.           0.           0.           0.           0.           0.
    16.           1.        ]]]
no	Correct	release burndown chart		post-development review	[[ 0.79459023  0.20540982]]	[[[  0.           0.           0.           0.97482254   0.86209991
     0.91210756   1.           0.           0.           0.           0.
     0.           0.           0.           0.           0.           1.
    21.           0.        ]]]
no	Correct	logic programming language		source	[[ 0.79459023  0.20540982]]	[[[  0.84187881   0.91173933   0.86333065   0.95818279   0.66373971
     0.81398343   0.           0.           0.           0.56505138   0.
     0.           0.           0.           0.           0.           0.
    23.           1.        ]]]
yes	Incorrect	issue		problem report	[[ 0.7945534   0.20544662]]	[[[  0.96036436   0.96063191   0.92660153   0.83410567   0.75391427
     0.85207863   0.           0.           0.           0.           0.61242953
     0.           0.           0.           0.           0.           0.
    13.           1.        ]]]
no	Correct	layer		program counter	[[ 0.79451573  0.2054843 ]]	[[[  0.86806594   0.93675152   0.88971914   0.86816294   0.57593905
     0.7686081    0.           0.           0.           0.           0.56327763
     0.           0.           0.           0.           0.           0.
    12.           1.        ]]]
no	Correct	effective instruction		fail criteria	[[ 0.7945869   0.20541309]]	[[[  0.9135747    0.93344936   0.87866847   0.90246285   0.64912661
     0.77285416   1.           0.           0.           0.           0.
     0.           0.           0.           0.           0.           1.
    16.           0.        ]]]
yes	Correct	copy		move	[[ 0.02166066  0.97833931]]	[[[ 0.91156812  0.95194378  0.95744984  0.88755251  0.53399256  0.89545262
    0.          0.          0.          0.          1.          0.          0.
    0.          0.          0.          1.          3.          2.        ]]]
no	Correct	memory compaction		release plan	[[ 0.79454869  0.2054514 ]]	[[[  0.91618032   0.92842346   0.85462427   0.9159488    0.79205306
     0.8736168    0.           0.           0.           0.32989903   0.
     0.           0.           0.           0.           0.           1.
    14.           0.        ]]]
yes	Correct	agile		Scrum	[[ 0.05795261  0.94204742]]	[[[ 0.94745851  0.99389345  0.97937957  0.99497656  0.79603302  0.95226803
    0.73770483  0.          1.          0.          0.33343804  0.          0.
    0.          0.          0.          1.          5.          2.        ]]]
yes	Correct	origin		loaded origin	[[ 0.0056199   0.99438006]]	[[[ 0.83499142  0.91307738  0.7698178   0.9349034   0.84892611  0.93217961
    1.          0.          0.          0.          0.          0.          0.
    1.          1.          0.          0.          7.          1.        ]]]
yes	Correct	flowchart		graph	[[ 0.41931581  0.58068413]]	[[[ 0.94229854  0.96048008  0.88087837  0.93477261  0.71843717  0.90239694
    0.          0.          0.          0.33734567  0.          0.          0.
    0.          0.          0.          1.          8.          2.        ]]]
no	Correct	nondelivered source statement		kernel	[[ 0.79459023  0.20540982]]	[[[  0.   0.   0.   0.   0.   0.   1.   0.   0.   0.   0.   0.   0.   0.
     0.   0.   0.  26.   1.]]]
yes	Incorrect	starting address		loaded origin	[[ 0.79455501  0.20544499]]	[[[  0.82733344   0.85426553   0.73758496   0.79973433   0.66071771
     0.73468573   1.           0.           0.           0.           0.
     0.           0.           0.           0.           0.           1.
    14.           0.        ]]]
yes	Correct	electronic mail		e-mail	[[ 0.01514584  0.98485422]]	[[[  0.95890888   0.9836961    0.95873822   0.98301306   0.88302001
     0.97288991   1.           0.           0.           0.           0.
     0.           0.           1.           1.           0.           1.
    10.           0.        ]]]
no	Correct	memory map		superclass	[[ 0.72843438  0.27156565]]	[[[ 0.86007473  0.91804379  0.90471332  0.88181246  0.5883256   0.85507294
    1.          0.          0.          0.          0.          0.          0.
    0.          0.          0.          0.          9.          1.        ]]]
no	Correct	software component		redundancy	[[ 0.79456562  0.20543441]]	[[[  0.93387194   0.96101676   0.90163557   0.93132829   0.73150791
     0.83429797   1.           0.           0.           0.           0.
     0.           0.           0.           0.           0.           0.
    15.           1.        ]]]
yes	Correct	feature		theme	[[ 0.35565689  0.64434302]]	[[[ 0.9223182   0.93943161  0.89831561  0.89126757  0.60207532  0.80856032
    0.8899071   0.          0.          0.          0.44998478  0.          0.
    0.          0.          0.          1.          6.          2.        ]]]
no	Correct	software project		demo demonstration	[[ 0.79458773  0.2054123 ]]	[[[  0.89077974   0.92142891   0.81235712   0.93500857   0.74827311
     0.85777686   0.           0.           0.           0.56177825   0.
     0.           0.           0.           0.           0.           1.
    16.           0.        ]]]
yes	Incorrect	cohesion		module strength	[[ 0.79261768  0.20738232]]	[[[  0.           0.           0.           0.91868009   0.68478316
     0.84468457   1.           0.           0.           0.           0.
     0.           0.           0.           0.           0.           0.
    11.           1.        ]]]
no	Correct	backward execution		layer	[[ 0.79458916  0.20541082]]	[[[  0.83799684   0.91722361   0.90868987   0.81964574   0.55874258
     0.73176286   0.8018787    0.           0.           0.42693823
     0.26654888   0.           0.           0.           0.           0.
     0.          16.           1.        ]]]
recall:0.7142857142857143, precision:1.0, f1:0.8333333333333333, accuracy:0.8 
no	Incorrect	unit test		storage device	[[ 0.36253995  0.63745999]]	[[[  0.8686825    0.89358756   0.79973561   0.88290137   0.75180938
     0.76420319   1.           0.           0.           0.           0.
     0.           0.           0.           0.           0.           1.
    12.           0.        ]]]
yes	Correct	operator field		operation field	[[  3.86549039e-12   1.00000000e+00]]	[[[ 0.9315809   0.92988825  0.94414108  0.9382837   0.79209594  0.87007329
    1.          0.          0.          0.          0.          0.          0.
    2.          1.          1.          1.          2.          0.        ]]]
yes	Incorrect	nonfunctional requirement		definition of done	[[ 0.79303288  0.20696719]]	[[[  0.87227939   0.94965675   0.85328495   0.94880743   0.80699416
     0.89995146   0.79249021   0.           0.           0.44508372
     0.52537747   0.           0.           0.           0.           0.
     0.          17.           0.        ]]]
no	Correct	dynamic invocation		communication management plan	[[ 0.79311574  0.20688432]]	[[[  0.84543751   0.82573789   0.81095367   0.84299384   0.49684127
     0.70569519   1.           0.           0.           0.           0.
     0.           0.           0.           0.           0.           0.
    22.           0.        ]]]
yes	Correct	float		total float	[[ 0.01001711  0.9899829 ]]	[[[ 0.93482986  0.97375494  0.96976734  0.93794276  0.87555871  0.89240056
    1.          0.          0.          1.          0.          0.          0.
    1.          1.          0.          0.          6.          1.        ]]]
no	Correct	interrupt service routine		staging stream	[[ 0.79311836  0.2068817 ]]	[[[  0.   0.   0.   0.   0.   0.   1.   0.   0.   1.   0.   0.   0.   0.
     0.   0.   0.  20.   0.]]]
no	Correct	priority		risk threshold	[[ 0.78038776  0.21961226]]	[[[  0.93362709   0.9252078    0.92797317   0.93464779   0.63800359
     0.79349442   0.           0.           0.           0.           0.57816226
     0.           0.           0.           0.           0.           0.
    12.           1.        ]]]
no	Incorrect	rework		procedure	[[ 0.01443826  0.98556179]]	[[[ 0.89277321  0.9341001   0.90050042  0.89555275  0.49177014  0.77400324
    0.73933036  0.          0.          0.          0.53944255  0.          0.
    0.          0.          0.          1.          6.          2.        ]]]
no	Correct	failsafe		quality requirement	[[ 0.79130614  0.2086938 ]]	[[[  0.88377293   0.8982517    0.80412123   0.90922564   0.77521429
     0.88213585   1.           0.           0.           0.           0.
     0.           0.           0.           0.           0.           0.
    16.           1.        ]]]
yes	Correct	test summary report		test incident report	[[ 0.0012428   0.99875724]]	[[[ 0.87429554  0.83820159  0.91708272  0.89229926  0.76881321  0.85322857
    1.          0.          0.          0.          0.          0.          0.
    2.          1.          1.          1.          8.          0.        ]]]
no	Correct	ideal day		decomposition diagram	[[ 0.7921142   0.20788588]]	[[[  0.83660413   0.92588301   0.87991171   0.85349418   0.58094481
     0.70938014   0.           0.           0.           0.           0.25975205
     0.           0.           0.           0.           0.           1.
    17.           0.        ]]]
yes	Correct	end user		end-user	[[  5.06726362e-11   1.00000000e+00]]	[[[ 0.99999995  1.00000007  1.00000007  0.99722621  0.98340841  0.99632877
    1.          0.          1.          0.85576476  0.79581953  0.          0.
    2.          1.          1.          1.          1.          0.        ]]]
no	Correct	direct instruction		associative entity type	[[ 0.79307002  0.20692989]]	[[[  0.93630569   0.91707216   0.88929944   0.90653538   0.76640364
     0.82078727   1.           0.           0.           0.           0.
     0.           0.           0.           0.           0.           0.
    18.           0.        ]]]
no	Correct	meta-object		happened-upon technical debt	[[ 0.79312104  0.20687899]]	[[[  0.           0.           0.           0.85135221   0.43216039
     0.64655438   0.           0.           0.           0.35851894   0.
     0.           0.           0.           0.           0.           0.
    22.           0.        ]]]
yes	Correct	module		call list	[[ 0.26227567  0.7377243 ]]	[[[ 0.90536216  0.95061727  0.91845692  0.88396103  0.57974822  0.76164819
    1.          0.          0.          0.          0.          0.          0.
    0.          0.          0.          0.          8.          1.        ]]]
no	Correct	system requirements review		developers and testers	[[ 0.7929039   0.20709601]]	[[[  0.           0.           0.           0.81728502   0.79874243
     0.88094081   1.           0.           0.           0.           0.
     0.           0.           0.           0.           0.           1.
    20.           0.        ]]]
yes	Correct	port-to-port time		response time	[[ 0.10301725  0.89698279]]	[[[  0.           0.           0.           0.89447611   0.44709703
     0.83036456   1.           0.           0.           0.           0.
     0.           0.           1.           1.           0.           0.
    10.           0.        ]]]
no	Correct	class-level responsibility		secondary window	[[ 0.79312027  0.20687969]]	[[[  0.           0.           0.           0.84928637   0.64292604
     0.75193247   1.           0.           0.           0.           0.
     0.           0.           0.           0.           0.           0.
    23.           0.        ]]]
no	Correct	quality assurance		evaluator	[[ 0.77710056  0.22289942]]	[[[  0.8514016    0.91722313   0.86187892   0.94564097   0.74194272
     0.83780065   1.           0.           0.           0.           0.
     0.           0.           0.           0.           0.           0.
    13.           1.        ]]]
yes	Incorrect	pathological coupling		common-environment content coupling	[[ 0.71393585  0.28606409]]	[[[  0.           0.           0.           0.82938243   0.56240502
     0.83175636   1.           0.           0.           0.           0.
     0.           0.           1.           1.           0.           0.
    23.           0.        ]]]
recall:0.8333333333333334, precision:0.8333333333333334, f1:0.8333333333333334, accuracy:0.8 
no	Incorrect	milestone schedule		triggering event	[[ 0.28356722  0.71643275]]	[[[  0.85869379   0.90772049   0.88341515   0.89162239   0.78761358
     0.88261953   1.           0.           0.           0.           0.
     0.           0.           0.           0.           0.           1.
    15.           0.        ]]]
no	Incorrect	padding		discard	[[ 0.03190174  0.96809822]]	[[[ 0.87385255  0.91746514  0.87179816  0.74771602  0.5779016   0.71414562
    1.          0.          0.          1.          1.          0.          0.
    0.          0.          0.          1.          7.          2.        ]]]
no	Incorrect	test report		quality	[[ 0.28353629  0.71646374]]	[[[  0.85981978   0.87308648   0.77601753   0.93659776   0.61702622
     0.80186877   0.           0.           0.           0.58964217   0.
     0.           0.           0.           0.           0.           0.
    11.           1.        ]]]
no	Incorrect	compile		fault masking	[[ 0.28350008  0.71649987]]	[[[  0.76590065   0.88890925   0.86052005   0.90271925   0.71146597
     0.72993509   1.           0.           0.           1.           0.
     0.           0.           0.           0.           0.           0.
    11.           1.        ]]]
yes	Correct	contractual requirement		customer requirement	[[ 0.01561304  0.98438698]]	[[[ 0.96362173  0.94028665  0.91109764  0.95533389  0.88029513  0.93874052
    1.          0.          0.          0.          0.          0.          0.
    1.          1.          0.          1.          9.          0.        ]]]
no	Incorrect	protection exception		and validation	[[ 0.28356722  0.71643275]]	[[[  0.91795658   0.94055211   0.94038274   0.90530916   0.69394509
     0.82224166   1.           0.           0.           0.           0.
     0.           0.           0.           0.           0.           1.
    15.           0.        ]]]
yes	Correct	real time		interrupt	[[ 0.28349128  0.71650869]]	[[[ 0.88859497  0.94804807  0.91770522  0.94939986  0.72787927  0.85003029
    1.          0.          0.          0.          1.          0.          0.
    0.          0.          0.          0.          9.          1.        ]]]
no	Incorrect	synchronous		practice	[[ 0.27444416  0.72555584]]	[[[  0.86359734   0.91704631   0.87449226   0.77193822   0.42157379
     0.61886395   0.           0.           0.           0.           0.
     0.           0.           0.           0.           0.           1.
    10.           2.        ]]]
yes	Correct	communicational cohesion		sequential cohesion	[[ 0.01703555  0.98296446]]	[[[  0.96671748   0.99214678   0.96816646   0.94585191   0.79078147
     0.8768563    1.           0.           0.           0.           0.
     0.           0.           1.           1.           0.           1.
    10.           0.        ]]]
yes	Correct	redundancy		standby redundancy	[[ 0.00633169  0.99366826]]	[[[ 0.8958882   0.89160294  0.87342456  0.95506575  0.82789336  0.87499512
    1.          0.          0.          0.          0.          0.          0.
    1.          1.          0.          0.          8.          1.        ]]]
no	Incorrect	procedure		if-then-else branch	[[ 0.28356755  0.71643245]]	[[[  0.90326382   0.97026765   0.89703839   0.94697785   0.68204121
     0.8738959    0.           0.           0.           0.           0.52269307
     0.           0.           0.           0.           0.           0.
    17.           1.        ]]]
no	Incorrect	imperative statement		chickens	[[ 0.28356752  0.71643251]]	[[[  0.92955056   0.94556441   0.93343976   0.85261611   0.48665763
     0.5808269    0.           0.           0.           0.42590554   0.
     0.           0.           0.           0.           0.           0.
    17.           1.        ]]]
no	Incorrect	structured programming language		dynamic relocation	[[ 0.28356761  0.71643239]]	[[[  0.94316772   0.9616086    0.92871952   0.9025727    0.60573948
     0.79123569   1.           0.           0.           0.           0.
     0.           0.           0.           0.           0.           0.
    26.           0.        ]]]
no	Incorrect	fast tracking		global configuration	[[ 0.28356761  0.71643239]]	[[[  0.91691648   0.92904192   0.89471583   0.80887514   0.64491192
     0.69011691   1.           0.           0.           0.           0.
     0.           0.           0.           0.           0.           1.
    17.           0.        ]]]
no	Incorrect	migrated attribute		mean time to repair	[[ 0.28356767  0.71643233]]	[[[  0.80424007   0.83293015   0.85537458   0.80127921   0.45810762
     0.74536714   1.           0.           0.           0.           0.
     0.           0.           0.           0.           0.           0.
    15.           0.        ]]]
no	Incorrect	performance indicator		keyword	[[ 0.28356802  0.71643203]]	[[[  0.   0.   0.   0.   0.   0.   1.   0.   0.   0.   0.   0.   0.   0.
     0.   0.   0.  17.   1.]]]
no	Incorrect	module		run stream	[[ 0.28335947  0.71664053]]	[[[ 0.86285929  0.95545912  0.89125233  0.90289715  0.59506546  0.74669494
    0.          0.          0.          0.34980963  0.          0.          0.
    0.          0.          0.          0.          9.          1.        ]]]
no	Incorrect	high-level Petri Net graph		two level encoding	[[ 0.28356761  0.71643239]]	[[[  0.   0.   0.   0.   0.   0.   1.   0.   0.   0.   0.   0.   0.   1.
     0.   0.   0.  18.   0.]]]
yes	Correct	test summary report		test case specification	[[ 0.24873838  0.75126159]]	[[[  0.95720296   0.96483346   0.95464984   0.98721253   0.92601571
     0.97452955   1.           0.           0.           0.           0.
     0.           0.           1.           0.           1.           1.
    17.           0.        ]]]
no	Incorrect	requirements derivation		division of standards	[[ 0.28356761  0.71643239]]	[[[  1.           1.           1.           0.96850632   0.82234506
     0.92152822   1.           0.           0.           0.           0.
     0.           0.           0.           0.           0.           0.
    20.           0.        ]]]
recall:1, precision:0.0, f1:0.0, accuracy:0.25 
no	Correct	report		software life cycle	[[ 0.75861263  0.2413874 ]]	[[[  0.86607176   0.92752855   0.81258262   0.94794425   0.58142845
     0.81591907   0.           0.           0.           0.           0.62580748
     0.           0.           0.           0.           0.           0.
    17.           1.        ]]]
yes	Correct	indirect instruction		direct instruction	[[  9.72799064e-11   1.00000000e+00]]	[[[ 0.96524421  0.97732498  0.95975882  0.90462871  0.87284859  0.88102974
    1.          0.          0.          0.          0.          0.          0.
    1.          1.          0.          1.          2.          0.        ]]]
no	Correct	defect		access facility	[[ 0.75851041  0.24148962]]	[[[  0.9172945    0.97049536   0.8698191    0.8989056    0.61416843
     0.76824523   0.           0.           0.           0.           0.53461577
     0.           0.           0.           0.           0.           0.
    11.           1.        ]]]
no	Correct	iteration retrospective		net graph	[[ 0.75861305  0.24138701]]	[[[  0.83417445   0.91757641   0.67885935   0.89669708   0.77789502
     0.81289012   1.           0.           0.           0.           0.
     0.           0.           0.           0.           0.           1.
    18.           0.        ]]]
yes	Correct	assemble		compile	[[ 0.06405842  0.93594164]]	[[[ 0.95031119  0.95857488  0.92588237  0.96801793  0.67055439  0.80552125
    0.          0.          0.          1.          0.          0.          0.
    0.          0.          0.          1.          6.          2.        ]]]
yes	Correct	test summary report		test log	[[ 0.13853723  0.86146271]]	[[[  0.94565436   0.96803496   0.96039815   0.97240573   0.86610493
     0.94431485   1.           0.           0.           0.           0.
     0.           0.           1.           0.           1.           0.
    13.           0.        ]]]
no	Correct	magic number		sprint planning	[[ 0.75860274  0.24139725]]	[[[  0.84921734   0.90986957   0.72147704   0.88904955   0.67173531
     0.84223882   0.           0.           0.           0.47139794   0.
     0.           0.           0.           0.           0.           1.
    13.           0.        ]]]
no	Correct	and validation		system of interest	[[ 0.75861096  0.24138899]]	[[[  0.90385413   0.95379566   0.92128053   0.93539665   0.71346512
     0.83591562   1.           0.           0.           0.           0.
     0.           0.           0.           0.           0.           0.
    16.           0.        ]]]
no	Correct	table of contents		memory capacity	[[ 0.75859231  0.24140769]]	[[[  0.8122465    0.81904712   0.79531425   0.88899915   0.62358005
     0.76716625   1.           0.           0.           0.           0.
     0.           0.           0.           0.           0.           0.
    13.           0.        ]]]
yes	Correct	interface testing		component testing	[[ 0.00687514  0.9931249 ]]	[[[ 0.9552155   0.97603898  0.96983967  0.97661316  0.84368433  0.92082477
    0.          0.          0.          0.63814929  0.          0.          0.
    1.          1.          0.          1.          9.          0.        ]]]
no	Correct	production library		perform quantitative analysis	[[ 0.75861305  0.24138696]]	[[[  0.85091487   0.79325741   0.74175848   0.94945274   0.63166749
     0.76703312   1.           0.           0.           0.           0.
     0.           0.           0.           0.           0.           0.
    21.           0.        ]]]
yes	Correct	modification request		change request	[[ 0.01070363  0.98929638]]	[[[  0.96710269   0.97379514   0.96065955   0.93812634   0.81451082
     0.82124036   1.           0.           0.           0.           0.
     0.           0.           1.           1.           0.           1.
    11.           0.        ]]]
no	Correct	timer event		track build item	[[ 0.75860769  0.24139233]]	[[[  0.           0.           0.           0.87996111   0.76551301
     0.83098983   1.           0.           0.           0.           0.
     0.           0.           0.           0.           0.           0.
    13.           0.        ]]]
no	Correct	activity		last responsible moment	[[ 0.75861311  0.24138686]]	[[[  0.91411084   0.95757186   0.87456311   0.89880568   0.71057001
     0.81499752   0.68984891   0.           0.           0.42213587
     0.67624096   0.           0.           0.           0.           0.
     0.          20.           1.        ]]]
no	Correct	Open Database Connectivity		insight backlog	[[ 0.75861317  0.24138682]]	[[[  0.70799925   0.74902455   0.62332936   0.78954172   0.48050146
     0.77720709   0.           0.           0.           0.51252433   0.
     0.           0.           0.           0.           0.           0.
    22.           0.        ]]]
no	Correct	timeboxing		upload	[[ 0.75790489  0.24209511]]	[[[ 0.  0.  0.  0.  0.  0.  0.  0.  0.  1.  0.  0.  0.  0.  0.  0.  1.  9.
    2.]]]
no	Correct	network open end		measuring instrument	[[ 0.75861371  0.24138623]]	[[[  0.           0.           0.           0.822475     0.6485408
     0.69356832   1.           0.           0.           0.           0.
     0.           0.           0.           0.           0.           0.
    15.           0.        ]]]
yes	Correct	text processing		word processing	[[  6.76360969e-07   9.99999285e-01]]	[[[ 0.95347049  0.96619367  0.93032458  0.94885142  0.91853187  0.93278489
    1.          0.          0.          0.          0.          0.          0.
    1.          1.          0.          1.          4.          0.        ]]]
no	Correct	beta testing		abstract data type	[[ 0.75856775  0.24143223]]	[[[  0.85898134   0.89032481   0.75606089   0.8768335    0.62718725
     0.70385647   1.           0.           0.           0.           0.
     0.           0.           0.           0.           0.           0.
    12.           0.        ]]]
no	Correct	tightly coupled message communication with reply		burndown chart	[[ 0.75861317  0.24138682]]	[[[  0.           0.           0.           0.93896066   0.70680296
     0.85436238   0.           0.           0.           0.53213812   0.
     0.           0.           0.           0.           0.           0.
    41.           0.        ]]]
recall:1.0, precision:1.0, f1:1.0, accuracy:1.0 
Average Recall=0.7643131868131868
Average Precision=0.8833333333333332
Average F1=0.7488333786731955
Average Accuracy=0.75
